25 124 6 15 5
20 21 165123177
23 17 875604738
1 17 983145126
1 16 286435806
13 18 488920821
17 7 183217033
15 9 376103784
5 11 822480491
9 14 463500210
24 10 328662476
17 2 396038472
23 10 862263085
0 15 821088748
9 22 773584811
11 7 437519406
18 19 282220530
21 6 -592991480
12 0 781847341
1 3 512518514
17 8 537089217
2 16 196697664
13 14 98383501
14 20 672485987
5 16 70250635
11 20 334818720
8 3 342205227
14 17 511054889
11 19 871809194
16 7 816458405
3 22 871957369
8 7 341161323
4 1 510103659
0 22 105013195
20 3 517889402
4 0 354072518
14 10 545876977
3 17 410080604
15 23 851640898
5 7 275560930
4 3 42779190
22 21 406154933
10 13 451103918
15 6 -571104523
11 0 -877943633
5 20 48427625
15 18 198191033
7 13 449001374
16 19 763453332
19 16 783406649
8 0 112303988
7 17 688676940
21 15 657540003
24 8 749162424
8 19 844531672
14 1 779462501
18 4 289144134
7 6 773099125
12 5 28375824
19 21 68124389
15 7 165865477
21 2 87153975
9 24 99346417
11 22 103044855
1 11 246819326
3 21 463242137
19 17 325359905
24 1 901381916
2 19 57595799
20 5 783588386
14 7 50454829
22 9 594488990
5 13 192402779
20 0 579157435
13 24 601558879
4 5 470387359
12 23 256125082
22 18 992958844
17 0 676933361
5 22 954591943
8 20 378723948
18 3 -376352501
4 22 271283991
7 8 641902041
13 22 990327956
6 20 818735516
8 4 151526675
4 17 387469961
14 9 800931878
8 14 610012583
10 12 170446385
12 22 245091018
0 24 137266305
15 10 436066992
17 20 510400122
5 24 687031030
9 19 887655521
1 9 488132059
22 5 665157709
11 18 210352167
18 7 398875876
15 11 202202454
19 15 134582318
8 24 460196557
12 8 30033690
7 20 2082533
20 12 282367635
1 5 -370617483
4 13 233045184
8 16 593089934
23 24 47470675
23 2 447230431
22 11 854296718
2 23 616867101
18 22 121103054
24 20 724862424
9 17 561205791
22 7 459441273
4 9 6207175
16 17 758033792
23 1 25181697
4 20 -408691572
10 15 846443296
17 10 214926989
5 3 880739602
