56 629 31 8 24
43 16 316881644
22 13 724644327
47 30 444499316
7 49 128435098
51 6 360563294
34 42 610086993
1 22 511679267
54 26 794385275
10 18 609817883
7 13 389895641
11 3 96445722
13 5 44163316
53 50 99889227
39 23 952316682
37 49 272392010
48 21 730072134
43 30 984023380
43 29 235108428
18 31 956927955
26 23 699122067
7 29 819321092
55 11 30770767
21 37 107197624
7 54 878106100
44 20 -534011532
44 25 877430678
33 39 824803522
12 44 362142121
0 44 8568780
34 20 713346181
14 49 488555679
54 2 344252408
43 52 301573061
44 0 659524204
18 52 589044191
10 3 638569291
55 52 232738437
46 5 327730890
51 19 102348931
46 25 645992897
53 33 686711332
43 10 268440891
25 6 601309030
44 43 163858298
15 25 964790043
22 26 434197428
21 26 726839736
28 5 -115102749
37 43 455434684
2 48 988027466
31 49 775211724
41 25 439248064
4 2 873666355
21 38 519028651
16 49 505229173
54 12 456525059
39 2 452616015
0 20 788369259
5 37 626091646
49 10 775267971
53 49 778457002
10 32 77190787
22 23 100522709
26 52 59205677
34 2 562713965
16 31 91115817
43 3 553343964
34 23 181662462
25 12 227985928
15 54 532924340
18 12 215457239
30 41 906561552
3 41 240291578
34 55 907865673
30 32 120300608
1 18 751740115
24 12 3735424
38 8 297390161
52 42 292850768
13 41 628202952
5 48 365308522
16 39 796335453
35 38 27119416
4 22 575312416
14 46 387470939
54 45 469415924
36 47 299703174
42 30 926760835
18 55 246739472
13 14 563430435
45 22 -198773031
17 49 147389273
33 5 176840944
47 48 269587772
24 39 132259605
24 4 351116296
25 46 993135949
10 52 693447481
44 47 156667287
13 23 74508211
15 40 729693518
52 6 -576702838
21 6 969470442
24 41 658497334
11 26 907200754
22 55 461383127
51 40 59636301
49 41 308420517
31 51 -372080091
37 22 -75508702
14 34 14550868
31 15 306293791
52 37 579385906
47 19 751788035
39 50 883447796
47 46 648053450
37 6 797812339
12 10 785096672
38 15 -78763169
31 10 119533348
0 22 419030637
53 52 425827228
1 27 406473991
15 13 429533720
8 19 750016100
24 6 511934527
33 28 673694632
46 43 949832526
51 47 921575309
20 54 777077704
35 45 544978206
40 32 531236894
38 6 814357855
30 17 849516423
40 30 930175763
27 13 885997027
29 42 696244752
20 51 932592136
53 25 31062306
6 17 984846393
36 24 372290962
52 15 731110804
15 3 762509091
44 23 833196515
27 0 473685009
30 46 991470256
30 15 453644709
5 13 542808094
6 20 -322269092
9 53 147340002
39 3 344387313
26 42 517991264
54 16 683252579
40 5 412093880
48 50 696532866
24 31 440243605
37 20 795335747
22 20 204176361
2 30 -42283990
54 49 283146410
15 51 480825070
4 14 158886752
21 34 38810293
42 43 917678971
50 41 122302830
39 29 971554942
46 13 20801566
27 44 872179012
31 9 396805912
54 14 1606705
9 25 357348232
42 8 922398724
53 31 436769424
53 15 338986178
44 11 677926729
34 8 814785573
33 52 549407055
28 7 847955903
6 13 377277146
55 19 952116450
4 26 643654371
11 5 74332268
4 35 696518516
45 53 847243271
1 32 215470999
7 33 617452869
7 24 320366058
14 33 84032354
41 35 652371061
29 30 553242496
54 28 94638744
40 2 941167338
10 28 828325074
28 8 810724496
42 37 459538530
31 27 768714144
30 9 514333676
35 42 251581606
26 21 431644339
13 40 908981427
10 49 497479758
31 33 459413579
41 14 958088055
52 38 17097508
11 55 -608730695
45 14 546966320
41 26 155530761
42 20 671983104
5 43 185848899
36 9 419473711
27 4 133762680
33 48 687196976
49 46 647502906
6 8 346681289
29 38 472003763
33 7 717699750
12 27 772975038
29 3 686101635
39 37 673276964
48 43 -463948547
37 35 814556268
55 20 989388385
42 1 308411990
47 44 677637782
23 18 494791550
4 0 275108781
51 2 695040972
2 18 217288550
44 42 -352766201
0 39 287071605
32 34 754205660
5 29 388516866
5 21 32280299
42 7 873077847
21 52 108480318
38 9 646282995
23 4 17553530
16 15 770430007
41 46 658132929
7 11 592355282
41 4 978673502
3 34 822957490
51 32 891814706
15 22 677498905
42 0 95452639
4 40 12126354
0 8 810522240
20 31 709519843
23 25 6600519
21 49 298950285
15 6 496100310
19 36 387340822
36 27 692109473
43 37 179983316
23 43 519207028
38 19 29498098
17 9 -161072405
23 48 944244761
35 6 5712682
33 4 466028491
2 36 9011491
25 10 258665764
12 20 594619228
39 12 -895456328
52 7 665396759
18 30 479419822
35 15 344760969
47 36 640694650
41 28 626574955
39 6 762958614
33 18 698030375
42 25 360276925
20 36 808332378
24 30 981094677
55 1 733069568
21 33 -600003630
15 36 709537623
46 8 159220215
12 13 325699720
10 9 176607908
42 45 350351561
7 55 275521060
20 46 373966194
21 40 707415853
48 2 765186379
53 16 871302287
24 8 822101221
55 32 860973538
13 55 153103197
45 41 275862757
28 25 51840865
31 48 302418822
42 3 304671157
8 23 294560024
54 21 871079741
32 45 353808035
52 34 61040507
25 38 590328365
16 7 381218456
48 33 148617624
50 22 552867655
13 8 605716153
11 4 266720167
50 19 823712451
21 3 493797999
48 14 590940484
22 15 717861977
5 27 699334422
10 48 388641799
37 32 -17579262
48 39 66597694
38 55 142225118
48 24 695498818
8 29 896933694
15 20 429851824
40 50 788297439
51 50 91938364
0 45 580993572
4 51 779213280
12 8 987670174
1 52 692077446
43 51 224569364
23 27 990889696
51 13 58393001
2 50 688886985
42 23 419941833
30 13 718725913
22 12 927421616
19 9 203002614
27 14 385622838
13 31 47630639
41 49 224049761
51 42 367155102
52 4 962139470
12 34 675701658
49 51 294005899
40 33 617023644
16 47 196927164
52 21 22156907
32 23 919698551
40 51 885547395
38 37 141367112
55 4 43617030
29 28 599853231
42 12 386914931
1 29 814602438
53 38 -455112817
49 12 936177882
25 24 461226158
54 36 814785808
14 48 140027596
14 26 366539936
10 13 879210863
19 23 494683236
29 11 516611751
32 53 251797151
21 50 116122473
9 4 639509922
50 2 353475049
55 28 168319818
36 28 328360720
0 53 867940754
47 42 813086050
9 43 756446454
27 1 6010204
51 5 635770781
50 9 794816399
4 3 178511264
28 54 297666552
23 5 672253648
9 31 605713571
12 46 8396790
12 47 759538155
33 50 374730772
48 42 106292465
23 30 403227893
49 38 707065261
39 11 800662271
16 35 347251346
9 20 876752798
29 53 239663325
55 34 533882460
8 9 885468699
7 46 622241727
54 22 -633566674
34 31 248497363
5 7 228427680
53 36 929044685
3 48 461664294
26 49 332438246
6 55 156819119
25 14 223612333
36 37 822335930
39 17 991879146
52 31 350912624
11 9 230625538
17 1 481505753
17 26 77808631
24 21 788826544
25 16 742095076
1 39 711506837
45 43 172279995
10 2 435234364
21 7 739639137
52 17 672373588
42 13 292685291
28 0 197643457
19 22 260039964
26 10 723294358
1 54 -576388645
9 54 583756857
25 27 406516889
29 46 80127492
1 12 877164669
42 34 831494124
39 24 198343484
50 38 123595847
14 23 332118557
1 33 634301605
31 22 913766231
9 33 42557422
28 2 185352647
34 41 921075501
17 12 345625647
45 50 -646192024
11 52 374974446
4 8 917334878
28 21 237080046
47 37 573882983
43 35 618837479
8 14 24523835
31 11 663022063
26 17 965502294
28 44 665692522
10 8 -909142371
33 37 843393874
41 0 375707807
0 4 944838227
26 38 799318704
29 9 990630962
52 26 708182801
37 23 367651445
50 12 446548535
49 11 24263313
38 11 737429518
5 33 836182255
12 41 114422705
19 5 -748240541
48 54 625986205
2 40 919757059
40 23 632039230
40 54 569678108
31 25 53582597
41 3 10802381
45 46 698387655
50 54 112057623
8 26 186493235
26 37 670574653
51 3 454285414
29 39 412069004
28 1 211428467
0 15 614742462
46 3 641624361
55 29 738486423
9 2 109412199
20 12 510713014
20 35 946202474
1 48 617185629
11 49 339097835
25 52 890390653
2 35 300906089
26 3 877057813
43 1 589469358
17 45 504661221
52 18 159328521
25 32 628535246
28 49 350661837
14 11 141688615
4 55 248414886
6 22 684428451
34 36 362816284
5 19 75296028
44 53 130120340
47 13 511146985
40 42 883075079
12 17 616433024
43 55 12241927
14 21 660692421
32 4 397250581
44 22 111954958
47 52 943169092
22 4 852575594
14 15 105207279
53 12 313963617
49 14 16359092
44 3 780057831
5 54 514371464
24 42 499018632
50 45 649548242
12 30 373841872
1 20 445278873
9 29 8213622
31 7 906439329
10 30 710192858
55 35 279033058
20 40 43155880
20 13 302317934
5 42 861576950
38 14 553351849
3 54 712803788
50 5 119170574
2 54 388549699
50 18 1820022
19 2 54811817
33 35 698639146
26 36 6044695
3 22 500664108
36 11 65018313
46 54 816505011
30 20 153416586
4 50 627538098
31 46 813945788
6 21 -242696519
18 21 28885515
8 30 458024947
38 49 -200365612
2 8 404216911
14 16 602497425
29 10 124345140
16 51 302266088
23 10 524892124
52 50 53465087
54 23 -418240233
49 22 756838963
41 16 147219824
36 12 761837696
45 38 -504774857
35 22 110151441
34 4 263906413
46 49 722063677
6 32 800347466
33 14 359675909
47 33 379139424
29 49 435873190
1 3 867232047
43 15 487069324
35 17 860370414
17 41 12346491
54 40 393076274
45 5 13454850
40 28 973149778
22 1 119831156
37 8 147605948
45 34 242789937
53 22 765617730
3 51 974987101
18 7 534407689
35 1 62518848
53 11 263386120
29 24 192363727
49 29 739570018
32 28 405694051
33 24 811105697
47 43 806804638
0 37 144362414
36 4 290560168
2 15 976305763
50 6 650284873
21 43 521923853
22 30 470172093
1 53 493404846
9 19 14645156
28 42 450215102
16 26 -437644361
8 7 742172251
0 43 318534400
41 8 -482059407
51 16 825751870
42 32 151402896
19 21 353527642
10 14 969398649
45 28 403714476
54 51 775794705
28 17 793026916
25 53 807273325
40 52 641948425
24 7 101795631
36 44 820679456
38 3 387444592
44 19 585917199
38 27 929000561
38 20 181576699
26 13 158257333
38 16 864112019
40 46 809895817
40 37 -426499842
11 33 804762142
53 35 27987358
52 32 634682580
51 41 350281517
12 26 6355088
41 11 277083697
23 54 262617134
50 8 146758707
51 26 488832030
28 52 240139159
25 26 -985461018
19 32 734363805
2 5 917463077
9 35 583358663
0 13 791558123
48 4 929742763
37 18 715025077
26 31 634366871
33 26 500423420
5 31 619347190
2 51 2301745
36 20 670014354
25 29 458948721
10 25 486362932
5 30 403871217
52 45 251841497
18 17 833929466
30 40 228555780
2 7 151183538
31 0 890710034
54 5 672194
50 52 426595318
27 20 -148021639
