16 123 6 0 3
14 11 65839660
3 11 178213094
10 15 596429137
4 2 273173421
9 13 242722370
8 3 -786876032
6 14 374432233
10 12 685972495
2 11 776520750
10 13 -576825133
14 3 302130561
5 1 843429955
1 2 87396535
4 8 177433652
3 14 145007717
2 7 10535829
14 5 301316301
13 11 23557935
10 6 -362654896
11 4 193568151
7 8 421148213
0 14 730330577
7 15 998738654
1 3 103076617
6 1 28782753
1 11 85090125
15 3 109601228
0 10 262563402
3 8 948954147
13 2 68192133
3 4 861451992
8 5 669796786
9 14 178589790
0 8 189063547
5 11 841443831
15 2 616859511
11 12 113015197
8 14 439182550
15 12 311898354
14 4 735986249
8 12 797563038
1 5 695154323
10 5 530791440
2 14 573508657
10 1 774757285
9 0 -853522969
4 14 315727695
3 5 302052576
9 3 864358638
15 7 380812395
13 7 290407514
7 4 517529570
8 9 217463081
13 10 580087505
7 5 732611382
7 0 396754091
10 9 661728474
11 13 730816960
10 11 270499144
8 15 918338390
12 3 251619441
14 10 587658071
9 4 512081322
9 6 546555300
2 9 44574333
12 8 307273567
4 3 787701265
1 0 107559389
2 6 681333915
5 9 152439329
12 9 836535417
13 1 634495812
2 15 917750151
11 3 986868577
7 1 918028985
13 4 412657269
0 11 899261469
5 4 483924390
2 3 578060767
5 14 276677946
4 13 389874199
11 10 330718618
15 6 -848400302
14 6 452706203
13 12 261201569
9 1 -853264889
10 4 699080986
11 6 94564951
12 0 166007936
10 8 647908819
7 6 312132330
0 5 838825860
4 5 18510028
8 10 653348794
10 0 843749292
14 2 967760948
3 15 421663969
7 14 19265507
10 2 31378963
6 4 159502723
5 2 667063022
4 6 515876336
0 2 568325027
12 13 759157957
13 15 282530520
11 2 127361042
8 0 185190814
5 10 191936224
6 7 433169014
12 2 649349108
9 11 678713870
12 7 695406435
11 8 118978032
7 11 939196044
10 14 256110034
1 14 211510647
2 4 659483929
7 9 246524985
5 8 863642734
14 7 193843696
14 15 294608458
15 10 657066654
6 9 829546735
