66 3872 24 49 44
1 21 800375166
12 61 77331527
3 64 248831175
25 2 931718200
3 42 902881990
10 30 148666505
8 36 717068886
7 41 599309803
48 36 294194088
6 49 933655515
17 3 195367303
59 58 623196317
10 39 245339850
37 47 387641536
63 6 454340318
13 40 103942319
45 57 5139218
45 65 304551783
41 36 378973018
28 39 736900227
38 36 820543842
33 27 226947793
18 5 811003820
28 44 793409758
4 65 400869979
18 59 906272246
34 6 343973978
12 58 383165501
11 27 606309556
20 9 445492695
15 7 262805599
40 65 948426993
9 17 779657674
5 25 647864894
5 55 673176737
60 42 264604208
8 43 696010725
56 0 192608934
36 50 419932595
15 55 477183586
57 55 277563227
13 34 387511037
1 54 558636365
21 33 21889733
18 9 769640004
24 51 755435047
46 17 539598200
20 46 406944313
12 55 526706872
4 42 820064796
24 29 513098913
51 13 562000795
6 4 856041564
20 64 383353999
13 56 997161131
4 25 853271757
53 43 302966913
43 13 280631610
49 63 986244145
3 53 982546385
58 34 779484019
5 14 490670306
2 63 576497070
48 26 710991106
30 0 989565817
40 11 215938889
11 52 316144626
53 25 946800883
18 29 -839931648
18 24 297700274
27 18 944527167
22 45 757029733
8 30 950265996
35 37 748563160
25 40 806303791
51 62 313307551
16 22 518165708
8 55 229588280
64 29 583561398
28 20 107269649
34 28 31784913
21 28 231693177
13 23 902641075
48 2 504390262
57 22 105761936
48 32 16681423
54 64 459024762
63 30 914064239
57 32 365003303
17 64 995003956
3 17 173514392
13 22 555101755
24 59 945694367
47 32 682024770
29 31 509079217
57 7 809420399
48 39 725851229
33 61 924279523
45 39 267312612
49 62 772019737
35 59 774723630
46 36 164796028
23 31 313621012
30 13 958808624
65 6 861464437
12 28 127852843
54 37 71640877
24 5 992506651
29 50 966449460
7 35 531453250
26 58 362140903
56 38 435734066
41 25 992442771
10 9 702021768
31 55 425704977
22 34 515972999
54 27 84730774
42 33 506902791
58 35 541212331
31 39 483284391
27 55 584309353
12 17 386997129
58 11 123851057
59 47 142085925
64 36 985096895
6 20 840577176
2 45 481926328
61 3 942501983
9 20 63337049
61 29 112714530
30 26 356205788
33 42 42484949
2 43 860580116
27 2 311825284
46 12 338658155
31 0 175237415
43 54 911954263
23 26 953790352
15 9 950138974
55 4 860941209
56 60 166316027
42 23 51019096
17 41 128804178
25 10 466772525
42 4 989354114
55 28 662570211
53 55 362640784
60 4 373611255
33 22 121702462
63 14 185533892
55 62 433654701
62 45 267951645
51 56 434899079
60 45 843101057
33 24 860365563
18 65 304606250
31 5 988182000
48 55 761986767
36 41 310343498
28 62 18143464
58 0 648555054
23 53 920359444
29 62 4459236
41 57 837462339
14 34 437186458
18 13 529820500
19 58 395784965
29 40 711807655
34 56 260168755
63 20 923387938
34 42 882783509
35 32 220741068
14 17 633743780
50 53 906554477
10 54 624671790
38 41 843778116
49 55 935044360
7 40 325396183
10 7 906220207
61 47 104626783
30 40 277786797
27 64 598561506
1 27 837637116
62 28 7368682
33 39 240032953
31 22 170729572
46 48 729693312
15 1 383750726
8 27 115777137
17 62 381243447
54 25 419313866
11 54 450143038
15 13 975994576
62 16 299033624
0 61 939599728
37 49 862444200
57 36 471402869
4 7 947017942
2 30 843778177
8 45 291355238
3 60 647324028
43 33 279213891
53 34 502950009
32 49 147379264
7 48 991343314
52 19 51149384
61 48 920035955
58 56 768726478
52 29 837410308
33 50 496667029
45 35 885772257
3 47 781157726
9 6 983341926
37 13 204126716
24 27 -47327336
41 60 668432013
11 62 965677564
46 57 687728758
63 37 819148133
29 41 641179662
8 53 942014211
23 14 236898025
13 26 5174649
38 51 852848673
64 53 230466565
44 46 335480083
38 63 472169775
53 30 937233068
7 29 912013968
23 41 451176751
62 57 578694569
64 51 480563208
15 31 978231735
8 37 888489456
63 57 990456279
8 23 671274532
12 21 258193067
23 42 403915548
16 10 520149236
36 44 967971951
62 25 712269329
0 42 916086691
47 57 406905399
58 40 195938931
39 49 581674670
53 62 415904077
10 0 359237982
60 5 501952929
22 56 77703906
60 39 113386224
13 11 993536237
52 33 805848573
46 16 38287813
32 14 783971
50 27 364800419
57 51 811378632
29 42 804466159
58 64 2021689
62 30 819631149
13 27 423465164
4 36 930583881
40 52 936087726
50 59 153804648
34 0 676168145
61 5 302795668
22 55 729922483
59 62 491451835
29 25 284619923
2 44 -248488311
33 3 538203607
58 16 7850356
24 42 740760898
55 35 937563252
53 56 30262179
19 52 888829817
59 9 855033272
59 13 723377457
37 62 561821416
47 2 127675179
42 20 888345995
11 26 878501182
52 41 807894463
30 12 218189223
25 26 932005816
28 2 329159575
32 62 806054587
21 10 65145823
45 27 862689379
20 25 429513802
28 17 618131233
23 37 844298031
4 16 730102590
50 60 603473319
15 48 186454818
57 53 537435371
63 56 303254665
20 39 311146141
22 28 333204364
6 36 476507825
56 8 257789776
9 33 606875938
35 17 298699696
56 62 418240602
47 56 362006501
39 19 707033317
50 2 246030972
23 39 263190132
31 57 677520318
27 11 832048890
35 12 502853703
40 44 467158247
60 13 435769590
2 15 87396544
65 52 686495210
26 24 571134478
27 42 307674794
56 37 127436588
44 49 153890292
65 56 141235810
53 24 898909830
11 42 212488687
10 53 83587130
1 48 973362732
54 36 861786390
26 43 427607680
21 40 579702735
28 42 356482170
1 51 691688836
21 2 550723389
51 35 555677703
2 5 148313925
18 62 671454357
29 22 275989235
15 10 510091559
47 63 221781208
13 20 659187462
43 9 620181628
18 4 485800180
16 24 232105042
39 6 822850187
63 60 881701758
19 53 796915888
9 57 906657443
40 34 527040494
57 62 830904095
17 56 502994942
48 13 350735876
9 36 206100822
40 22 216558011
58 41 46853051
42 18 380031221
62 4 756023734
5 39 488259656
49 53 453482356
9 48 705628623
20 58 154400581
45 13 543769325
1 7 885079970
8 38 400423802
47 8 202478321
23 17 862921020
3 25 781967398
8 29 550096760
65 7 428241924
8 46 474221467
4 13 812677058
41 14 648319459
14 16 972933327
38 26 745949061
18 41 446981672
22 54 504797076
56 59 654979564
15 35 785427260
40 61 242105348
60 56 771780177
25 32 282069322
51 49 742967108
1 53 181044854
56 32 443528381
20 34 328228022
28 24 1107833
51 10 189745417
23 8 525637356
39 7 291477576
10 52 722674419
40 2 236397139
16 37 3412450
55 38 484459641
61 2 114575541
63 8 14405329
60 8 946512386
7 22 578859699
35 42 279282723
48 29 720850469
59 49 498772705
15 63 636607145
43 23 798058902
19 23 982003239
1 44 818024789
48 17 707210958
22 26 464517754
27 15 223182457
26 56 250657995
50 46 195504776
44 63 778290670
31 16 786577756
28 19 265901742
19 17 138268766
34 23 670821381
57 60 941975549
13 63 522673598
11 60 981910924
4 12 445400155
44 43 369090707
64 49 770212311
61 49 251114543
53 10 299103275
33 64 85131789
48 47 692726792
42 24 611044793
1 32 57563391
12 6 726315603
17 30 811391983
43 63 40735733
12 1 698177083
22 32 826818984
54 30 535326591
11 46 754426791
9 0 16192513
56 22 515684406
30 1 761261322
29 7 275517945
56 46 499037772
53 23 585416039
52 13 655516158
52 50 332747642
10 63 424142664
21 53 18231161
5 20 831682962
47 24 29008504
57 25 347584675
29 0 235645889
4 28 526332523
62 34 11573773
45 18 275407207
14 7 357203541
7 32 545019754
56 17 664139937
60 65 228318737
31 59 707913143
19 15 306683657
48 7 209927403
47 12 316163525
37 0 127463519
9 60 749453445
9 23 193092491
4 10 825275202
43 38 918852555
49 50 380309745
33 11 708944705
63 29 355361169
25 57 545639586
41 48 977030158
42 39 917746638
25 24 139934373
43 35 884820971
32 12 234720008
54 49 779493564
53 42 677446337
13 44 8090743
2 11 814012185
1 52 681805107
15 56 107674247
34 33 287836510
10 59 466003319
38 58 280464518
51 29 413106704
6 65 242937114
22 25 203626406
39 45 92718358
36 64 701001825
24 22 213766977
47 54 292524948
16 64 340560958
20 45 253931004
65 51 880959847
5 9 25427804
48 25 335187867
13 12 628848260
30 48 271563512
0 7 11912247
40 42 6604723
20 49 674164692
9 28 411356271
24 36 987229369
10 42 145964447
55 17 376883651
17 16 424648925
29 4 271299366
49 52 585692156
17 37 441832338
51 30 279819662
60 14 586880053
52 18 953071485
24 3 269350740
62 60 454063500
3 16 634470290
56 57 420392303
46 1 352050507
7 39 794304497
25 13 129718877
49 60 814445493
5 38 37129681
63 44 627931111
61 46 446820555
11 51 412575159
0 15 890862400
60 30 487893855
14 37 462402403
1 65 986530569
0 48 9836322
47 60 705783281
55 2 414984463
6 15 112304345
55 33 524209263
11 6 984364096
8 54 489737421
62 58 304111097
19 11 151229746
51 64 468702859
10 20 186610583
30 20 404052607
50 25 639333681
61 0 850437230
43 5 153227315
32 51 823475910
33 8 242250351
39 57 950122974
45 0 781033731
3 5 623050616
32 8 -319094870
43 26 823483187
55 53 535328681
38 2 786626316
46 24 292860318
38 29 871155698
21 38 184678118
43 31 787162908
2 4 321727813
31 9 228337017
48 19 218609392
21 51 878875344
61 25 99353758
38 15 884071108
10 28 108502864
45 33 500222096
48 23 340673532
40 41 671683703
14 15 400110004
10 23 984597939
9 62 172762443
19 60 389804332
19 31 443467043
54 21 583779944
18 27 223870796
45 1 417062204
40 26 24401418
55 42 285222676
45 32 974695051
46 6 582009078
10 41 88563061
10 45 319324832
13 51 139567105
14 26 26485676
54 65 58804490
18 55 258715304
49 36 197895049
55 36 957550998
41 31 959801883
41 56 457789252
22 48 778986538
43 4 617517770
47 22 513958671
55 27 240076733
51 4 544569579
49 4 966993549
13 52 515952020
14 55 593893547
5 32 288757428
18 33 379773291
45 9 550992612
0 19 892291666
58 28 373432315
18 6 130443690
11 7 122405410
50 57 715531224
3 21 332546232
3 41 367993107
40 15 363352198
12 22 34934261
53 5 395132128
6 31 425877082
0 63 171950744
6 34 931871294
33 19 -508476065
6 16 719793085
34 65 613639017
19 25 410406242
40 29 353307110
5 36 448240658
14 29 871028881
7 18 183264459
11 22 927123086
41 49 169092519
42 45 395097616
5 63 91406431
63 18 149488621
36 19 820899003
28 4 703893288
37 60 246697094
35 45 237961276
46 13 670841168
6 30 776909624
7 60 444655225
41 24 18443752
3 13 96351219
65 44 593602853
35 2 996973074
47 49 401382016
11 4 20279867
26 51 341041779
20 36 877329242
39 61 203061471
48 42 816921401
31 60 126390537
20 31 254894417
17 7 578234838
54 6 280645757
12 39 373385317
57 9 342244035
61 28 384209109
11 50 500402216
58 20 8181482
50 4 425257951
16 52 824135120
1 43 799666460
13 3 657065236
63 50 558889092
47 43 418055054
40 54 355313691
62 2 993757111
5 0 783690660
25 7 565322542
11 10 109165871
52 34 618104381
32 2 390497418
3 10 391260131
26 54 752264495
63 40 15942716
4 5 428172934
35 24 27107457
21 61 665379283
32 46 436170577
53 32 788781508
33 45 543051818
52 57 13855156
20 29 940759200
13 59 465673390
62 61 234438347
62 44 761566287
63 33 631937395
21 54 264428606
52 6 423149487
20 44 886463506
5 15 838337710
58 57 484559921
0 32 747611026
2 12 889371738
26 7 94009944
4 9 364130382
58 2 652130893
2 14 708922368
64 55 205641832
43 10 659117807
22 5 714731791
21 0 50082448
34 7 977531540
31 6 586833205
12 52 483390579
59 51 145518264
25 65 -260445261
2 20 782129119
62 41 334934122
54 31 26557551
64 16 799712260
44 52 888627249
2 34 722609850
58 49 849719145
52 0 881998329
41 22 990043652
44 32 389435288
8 41 480880087
56 53 245541725
16 55 16633817
20 16 595955160
11 0 320343968
18 0 966780820
32 31 114042260
46 32 558038143
7 13 42929263
3 9 776160826
7 12 582641108
6 12 501356389
42 52 455426764
11 15 219432018
33 58 847577054
54 23 853671478
17 45 557144507
7 42 36979727
45 37 878484073
45 41 485383451
44 15 776236412
59 37 31560471
38 62 314310093
64 56 69691979
7 20 418139459
1 23 568930341
10 32 578048309
58 22 749229
11 36 451041453
41 26 851270495
37 8 625701387
20 17 93438958
36 39 100341161
60 24 740123820
22 51 157240675
24 58 546663072
29 45 478292213
3 0 890215225
19 2 672812716
57 30 791177522
49 16 86171110
53 63 671847801
59 50 163051467
49 40 144968031
57 56 727691526
61 16 875257369
29 17 171799473
29 3 523081601
57 64 870345023
24 48 184646968
44 10 661165573
58 47 64818098
4 32 165873430
52 28 339468918
23 46 626340946
50 52 825016169
3 48 256147559
57 34 264080136
42 15 4208491
18 16 953385102
63 34 805183697
8 61 950605562
16 65 765536045
5 24 437017902
42 43 885578609
55 8 589732944
26 4 278683238
16 1 104976610
60 59 281630540
7 17 258621028
51 60 386994872
40 23 569018980
28 22 501629245
13 50 802467503
42 26 70877034
56 20 468295644
39 53 852896367
64 18 478964165
37 34 218910210
31 58 114513874
0 54 28581105
15 43 500853270
3 51 685234551
2 32 695320480
17 46 -560737071
23 32 910851753
22 17 101819478
13 38 557206199
17 31 231759040
48 11 923576633
27 53 21853459
52 47 91357745
61 57 605938066
64 46 715655411
65 13 751440316
36 2 655302327
2 58 321582601
65 31 420037530
1 22 342076470
32 26 492619636
19 40 622427550
54 2 545221858
10 2 241141304
44 39 269427527
1 15 803140709
2 36 906081292
8 4 29820091
13 10 458797426
52 21 692036470
31 20 266961040
39 51 829746247
57 19 197589682
6 32 422823485
38 9 833494066
17 28 453904436
7 57 229775671
27 5 328885489
17 38 513199505
3 38 409917562
33 51 597107812
7 49 976847277
12 57 117265234
20 55 651719803
53 14 171352297
62 50 751894147
58 5 52985905
11 56 567367146
2 3 712461710
46 14 580621373
0 41 754846427
37 35 522934627
14 24 104105060
36 26 928549643
39 46 937195592
7 61 25121968
19 5 816505253
24 65 272599714
23 2 660860475
24 14 780717961
40 17 203747035
43 32 724617562
41 33 168128621
31 46 708416834
38 57 218789380
27 26 938719138
26 49 582938363
12 29 682861710
10 31 55917286
9 8 362654849
53 41 418498974
38 47 659988860
8 10 72530045
16 18 241724618
63 2 408737506
21 13 587891735
63 45 566038348
49 17 570671268
59 36 60872725
56 24 671170579
31 28 206330158
22 21 416575991
44 22 95840130
22 27 828707233
37 20 231058306
3 61 414469458
34 60 343494051
0 5 213424034
64 28 775831389
0 33 106070666
48 37 642357254
9 2 365107940
44 58 340786542
53 1 285316529
35 52 20865578
52 7 327223378
14 11 292587799
62 31 699644414
43 25 851522056
48 43 26095119
14 32 359573390
1 60 548345841
52 54 387609518
23 0 267036464
10 26 41609397
15 45 641902909
31 56 745415717
2 37 366873268
47 64 657228965
47 34 484042112
6 8 671726833
10 58 521372747
25 54 330414795
36 3 656428632
29 64 864311707
28 60 772676617
2 29 540658312
36 59 704827300
46 45 654385689
36 49 794741744
8 6 142530660
38 33 569460939
34 52 500255682
36 42 516936775
30 65 376121092
46 44 565682044
61 56 663761408
61 23 152485567
37 28 188351757
5 28 16701333
26 40 433833147
43 27 512176904
19 61 339402981
50 32 745830608
44 36 573332782
28 9 533174629
17 9 830364904
49 7 78193533
49 1 880895130
31 21 988444642
5 1 470581159
29 9 628220439
6 14 220972911
39 4 183106588
32 60 791703532
57 8 648890271
61 18 810806640
8 48 75418288
11 8 64221657
11 33 552127096
51 41 667452593
15 24 972498459
1 20 59292886
37 27 892687300
27 51 167386561
17 5 235433488
0 13 428906790
0 65 661430686
30 27 854992738
53 16 691480949
10 11 435122537
9 47 481324240
24 57 259406336
17 27 652836864
48 52 209540763
42 40 597089155
22 64 797604006
26 64 524418709
1 58 938269847
16 59 725414874
65 22 953958906
54 57 931129891
26 13 328470300
58 65 597778966
42 5 196092836
11 48 957237858
34 53 904010595
43 24 647861773
25 30 883756885
44 40 547737520
31 50 482904054
14 35 646735958
23 65 577921982
12 14 267224
62 49 545507176
64 50 707778646
18 30 398797493
29 20 591583442
42 30 412683063
25 53 627220923
9 65 757020957
20 18 248045115
24 16 881946175
1 40 646851873
4 53 719148007
45 38 395815180
7 21 358609637
65 49 233150081
2 35 310220845
42 58 482336593
58 39 535265829
36 11 880268333
45 19 501347405
34 39 413202893
60 38 797161507
15 65 315298345
22 44 173705322
42 48 421359817
0 25 682279085
46 25 982488098
50 15 475108329
53 15 11922823
29 12 553649004
65 1 984049626
28 23 9461348
12 41 353931375
28 18 493396247
57 17 202408685
33 41 129125705
40 24 558908146
1 57 656684224
49 58 160174288
4 54 630595058
42 56 669682501
33 1 958176193
11 19 470573921
41 59 654466885
58 29 35714625
1 33 717386861
8 52 250485070
32 61 449828954
24 37 92272446
38 14 982388304
1 38 698037543
62 3 926039993
7 1 237293685
20 65 815601713
36 38 37262411
27 30 602362909
26 23 300295159
28 15 326658446
40 64 506441651
34 58 468026451
56 58 548029504
61 24 650733607
36 57 982370324
43 6 835777940
49 64 253577030
26 17 573065980
23 64 528898597
23 43 908625240
20 5 437876694
57 6 934966262
42 50 112371930
13 39 51071229
17 49 984925652
37 18 486840960
46 33 787748066
38 31 564753405
50 17 262923267
53 35 17068283
32 25 602436407
35 54 153914854
23 20 489855305
45 4 734252840
48 51 487375381
15 37 138923017
50 23 390683418
65 21 773271994
22 41 447544386
25 64 7881641
50 29 372783861
48 18 188205772
18 49 931743459
19 43 894615871
58 45 816182105
65 26 643944653
34 63 496555217
9 1 675780998
9 26 534402678
35 31 493748164
48 56 532796697
58 17 761566565
13 28 698773206
27 34 766367421
25 29 92449362
19 26 417906290
11 25 350602935
7 63 495253040
36 46 744484993
49 38 887819738
5 42 509962127
60 7 151746851
24 4 219234525
35 53 48240811
29 11 973869773
40 13 869826656
51 1 764295536
55 3 235381074
21 62 820023107
36 54 218068936
47 15 869740144
33 47 968991722
2 65 759484671
28 53 615652241
35 62 958364182
62 12 689696310
18 38 493962769
48 27 741672610
50 21 472260475
37 10 265816536
24 62 568613069
51 23 507358898
22 35 883616691
13 19 139922291
30 41 150859715
15 25 462207951
64 33 614022786
37 65 646374321
12 36 445564091
16 11 355363160
51 47 403061007
27 60 455993624
61 59 320104351
53 52 238404373
50 31 922170032
1 11 459835971
0 47 425891530
63 49 840923946
62 27 407516217
34 22 212556381
19 51 451480442
18 57 616522572
42 63 958078150
62 47 561833234
64 39 656412171
42 53 143696678
40 31 405042346
7 19 385450572
60 26 471202746
48 41 84984634
31 8 385375286
35 8 182630370
45 60 447299054
47 23 532517396
31 15 579767860
16 13 431150515
35 22 265275121
49 42 585909992
51 14 410272830
13 42 453918220
5 8 224774659
9 35 431514681
1 28 872571652
23 28 164873606
44 26 528874764
59 63 908048963
65 58 15876850
19 16 173137875
21 8 562482858
63 59 62122714
7 8 741090909
65 39 738264014
47 58 611648893
45 48 943007207
17 48 933555454
7 58 812204423
3 46 612134201
28 32 292890918
1 61 228858609
31 17 308852214
32 37 971704632
42 21 599820319
54 1 937302817
55 52 839080242
45 8 892913013
23 38 2128761
58 25 588529626
49 48 552735684
0 14 952519521
46 35 267587881
59 55 997880219
30 18 479035562
36 51 789849303
62 42 331429585
65 43 229181710
49 54 901661857
17 63 571241727
0 16 413413773
52 42 90621657
23 47 316741890
28 31 585928553
19 46 166269955
65 36 584639813
59 44 946330182
26 15 970973017
26 46 185188695
5 33 267293397
56 14 982059764
34 12 248378685
61 14 242195065
58 14 332198840
21 14 373039671
40 4 54170549
30 31 785665482
40 56 932319237
15 50 768941971
2 17 807178351
12 51 997122514
8 22 130545398
31 1 968328082
0 51 351488389
27 45 310309407
2 8 78308891
35 7 720077748
16 36 220709121
34 38 248035567
24 61 892891210
55 49 211591243
24 33 1265149
9 14 188926437
14 61 111692564
1 62 221981262
19 10 430702056
26 62 289728331
49 30 625926955
15 21 450071265
13 9 457078287
43 37 910684173
59 23 890586858
35 50 577244999
59 19 678518998
27 23 724030680
14 9 190108352
45 62 718641498
9 51 269042346
17 12 211812279
55 13 2048619
26 44 431179066
13 43 309294892
57 18 273277699
1 30 618714011
60 15 453568836
36 18 37398270
54 3 340306315
7 14 751583378
37 44 908742213
49 39 291956889
4 11 721962250
8 2 280897831
63 61 313629971
54 19 494625624
50 16 577984658
46 18 939856783
17 43 327796084
56 40 594516497
3 29 248102538
36 31 190318580
42 7 962161685
14 52 657820399
34 50 127536613
33 55 713446521
11 40 617180329
29 43 487430472
21 47 853979046
59 14 512749639
61 50 936543757
51 5 954388936
60 44 21590505
5 35 315621212
59 0 191281707
24 50 644261774
63 55 330060630
42 65 557557570
8 17 583624145
46 27 157079225
53 38 302563951
54 44 225364589
45 42 173684076
20 8 412431546
59 45 118914103
59 53 664533752
44 12 505767707
40 59 670545563
43 49 621103946
48 16 992659480
4 45 545363420
38 12 877835686
5 22 206136533
40 14 451690936
14 28 188407966
59 39 263138653
42 57 532444551
9 19 782157400
27 61 199750702
1 64 626621881
37 14 69866273
24 56 661720182
9 21 524517033
15 51 374909743
43 2 410319272
6 56 301527547
16 40 279751513
26 48 578310829
9 46 207792907
14 57 576076228
2 0 36208072
47 30 662443996
7 36 57857317
0 10 399971544
32 40 134012269
49 43 52676206
58 31 170835929
14 1 668668976
3 23 729067043
26 2 238554957
11 23 794958862
44 33 204487023
39 20 639866639
30 17 156326178
27 49 159350613
57 27 407702327
42 60 336372348
26 9 452922001
2 18 223195386
6 52 210758970
56 44 771445103
64 0 320694517
39 37 31536151
47 46 262569228
44 37 993740169
27 21 648661408
47 21 598871358
27 22 949884401
39 17 405208444
4 46 991466292
20 13 120297431
23 22 977237756
27 33 313342898
56 15 276663072
47 42 658939560
14 41 44162249
23 63 787331676
1 36 141281534
31 33 265039638
15 38 147063279
6 64 337515794
0 59 900480001
14 38 616114932
19 36 243246623
46 63 505172686
1 19 366303497
61 38 849412650
34 26 261611756
49 26 688907392
64 12 596617647
23 44 532839052
11 13 720866208
53 44 885651060
47 40 746697791
65 8 656114173
26 22 335971610
47 28 321102133
54 24 285279816
50 34 774550399
27 38 791098225
23 30 990937275
0 11 663050885
60 20 738355017
28 12 451167618
29 30 130983577
33 17 248820000
6 46 989995035
48 30 181649561
53 61 434333826
2 6 513267614
11 16 297830739
43 55 392008937
19 21 876456993
31 44 360278444
56 28 950338593
49 23 215009982
5 48 831640713
55 19 462403978
45 58 89814073
36 48 264254983
58 46 891435316
21 16 265139272
26 42 507691597
37 55 19788901
16 30 899905856
46 39 480806691
47 48 365185589
45 56 750951849
9 54 629059671
13 16 167431131
9 11 215694704
31 32 396563792
16 14 479442118
9 3 749771510
57 1 208425637
16 31 610660933
50 35 608217462
8 9 273435017
55 9 610839267
58 21 10003521
22 59 689625711
2 28 568765667
60 0 256014546
11 59 432332443
23 27 117434771
39 35 80369451
20 43 131478808
7 43 845537354
57 0 584041629
55 0 796988280
29 35 428609811
44 31 736749149
34 21 906664121
10 3 442164304
43 47 33799110
28 34 434279122
47 52 633199348
46 19 58402324
50 11 543237187
17 34 488596645
2 23 121339872
65 2 765807982
42 36 31837658
35 55 579034225
41 37 621996947
22 31 667698013
33 9 980507302
44 8 387609362
58 8 507687468
0 12 537772097
41 58 905593652
7 25 265156346
44 60 502271049
22 36 85223764
6 40 65458028
23 33 31630183
15 42 802467662
30 60 485153679
46 7 310360751
63 42 243225986
55 21 130382682
27 37 119095695
16 2 221725976
21 3 597085510
43 40 648880165
30 11 318681702
0 60 947065506
27 7 308084950
23 36 456902945
19 29 533866034
48 8 651974028
19 65 266421297
28 52 342400847
19 0 595418311
19 41 577737217
43 3 910943698
52 25 265231192
1 24 604008400
13 65 602976556
34 62 207669944
54 29 994864645
8 32 574752213
22 61 422293416
0 46 742222713
38 48 563588780
63 31 492882312
64 9 108642586
36 10 68394551
5 60 862253733
25 17 986367096
39 36 216423386
46 43 913701209
57 10 301535193
26 11 955285253
31 47 62699863
59 12 971882135
27 43 109316057
57 14 287748731
57 49 478432787
29 47 966209190
14 6 738268183
14 8 419420749
47 29 282403631
6 59 268601818
15 16 360623501
45 47 454680065
39 44 359682924
37 51 721232480
3 56 750220926
19 54 196412121
25 9 510995842
27 8 559448655
25 60 441651991
29 15 684072878
64 26 578325588
17 15 379356462
34 1 139348072
4 58 338439159
56 36 131106458
11 34 248968117
9 4 486471462
27 14 524143981
25 43 15587345
5 19 297860191
51 39 459452141
61 52 508867963
25 41 833818365
53 18 954357321
48 60 971775542
50 38 974881951
29 54 829142004
45 2 728493163
53 39 684552215
5 26 172090695
21 4 129091375
56 65 973848874
13 1 20178905
45 20 714541289
0 56 354261593
20 40 391020993
27 10 852046574
13 57 735674549
44 11 100568468
41 13 782358182
26 32 107931265
39 2 922187826
63 4 407113902
18 42 578728998
3 58 837723076
65 25 209643447
5 17 947124027
56 48 510441799
22 39 654368548
65 63 758376632
32 63 226331225
40 58 312741730
39 40 310128294
3 39 224528310
16 33 527774282
56 27 944406077
47 17 371024633
33 23 387018465
28 48 543794273
50 65 256413311
41 45 353106741
36 9 943076435
20 21 539048957
42 35 667140978
47 6 72661332
27 40 417721923
62 46 398520892
13 31 252385470
54 11 866254417
40 18 6514556
53 19 82498972
30 15 239906198
64 5 404670058
41 11 204391635
62 20 195044900
50 61 498333693
58 50 898222166
55 51 976602849
51 54 752654982
38 35 681425956
38 59 188262811
33 7 999668077
15 8 37096860
61 64 263099278
24 25 507573213
4 14 115806810
9 24 887250181
60 52 577820266
11 57 159481272
8 44 730002604
64 42 752226323
9 53 921092754
40 46 179677145
7 27 210783743
59 26 878571367
37 12 678784328
2 47 601297225
55 11 886135598
4 8 813031438
32 64 83212459
4 1 531224975
61 55 467289437
53 47 885706938
16 47 568166384
63 25 345839885
25 16 263024132
30 16 971885351
8 56 453048076
26 31 282069112
45 46 806748370
50 43 359532454
12 11 70237547
41 23 324421337
1 9 813795353
44 4 776529055
29 65 193311864
38 30 553451690
29 6 8141949
21 35 379941983
64 14 390597747
52 5 29594998
32 41 124622239
17 50 972342042
16 56 720938211
21 43 212080167
44 3 656829469
6 5 232022260
14 0 82982733
57 59 773964880
23 61 399800836
25 50 663968631
54 32 918207709
17 26 513806282
34 36 426173137
18 58 179918888
11 28 805539372
15 17 688547532
21 45 749168501
56 4 180683083
40 38 495717753
6 1 728603406
4 38 993938910
58 23 227132499
60 19 892971964
43 50 485196770
48 0 683228090
26 20 458104415
53 21 211106964
63 54 331204503
47 27 1930566
3 30 325052524
43 1 783804409
64 54 829249361
52 26 304167335
14 2 764752146
35 18 575446518
50 20 639356122
27 35 347548665
34 64 933460551
21 29 747026663
36 24 20738069
15 49 346041247
57 58 978235274
43 14 922508357
2 22 828909266
3 18 9832150
28 51 338605662
33 13 846687183
35 23 407976551
21 55 403634779
9 38 661831895
49 33 724452763
61 51 877946886
47 65 871964001
55 1 715978102
52 23 855035467
36 32 206820626
19 55 61693081
30 61 668123919
27 4 284627803
65 61 493690148
58 3 892218717
63 26 963816425
17 65 822333054
28 54 909418825
31 63 219528300
22 47 551969867
44 7 833400626
50 42 212767610
55 7 280927261
52 60 866650566
40 45 874185025
19 4 67297632
53 58 986596829
25 63 597107958
32 47 789408889
36 7 178496713
58 32 654382059
60 22 475801987
55 14 143971635
22 29 550616199
9 22 25127152
54 46 811968857
30 45 555521292
38 49 186860669
51 34 558598472
25 48 929524797
48 35 250873138
12 30 280225840
17 18 429517639
3 45 597972519
58 60 157870957
54 47 309514910
65 23 947008242
47 53 557238628
4 43 593737453
24 31 483689718
59 7 68409947
50 18 790081031
37 16 264820936
8 26 735199475
1 12 294552042
30 55 217078110
27 19 401877979
13 45 41513311
36 16 492116745
18 11 118365512
3 55 895760253
1 56 346544816
60 35 514307768
53 26 11273828
11 2 546657004
23 51 107880380
17 54 459706672
5 46 431124183
39 10 316714876
10 34 127735025
21 20 651218212
64 31 735752244
6 44 266007542
29 1 145692942
44 20 652435162
41 40 964358034
38 3 497537852
40 7 161853112
46 41 664676839
20 56 553624359
34 54 776209373
17 21 324122171
4 63 482320916
49 59 707444310
20 33 430441501
45 22 139080310
36 58 237116229
16 32 983490566
32 18 606872042
32 5 64526754
49 57 256760329
56 42 781066351
0 37 948736137
18 25 88596401
43 60 964568415
52 3 281866785
14 4 454237785
11 65 417491994
22 43 503573021
61 62 193369262
34 51 146509042
58 44 813352838
7 24 451147622
54 51 634600364
21 24 236654074
62 13 264505603
49 0 261751524
34 9 519996878
42 54 658398126
31 64 992075702
53 9 399624708
49 29 279306846
63 35 314904483
47 51 929525349
50 30 361891543
28 49 522520387
34 47 245935896
18 53 305960733
46 2 898835504
55 40 481780280
24 32 988096771
47 4 230846197
21 5 703652485
3 34 877102205
64 4 144470603
55 45 26082908
62 64 319396107
24 38 213815396
4 48 721315605
51 37 330676199
57 50 892046482
63 32 25060521
41 5 621289497
17 33 199937010
14 46 727340281
48 10 716702097
25 59 706780356
22 58 751245187
1 63 221293737
48 62 995766155
47 25 301076400
5 40 876112070
12 56 168143957
45 44 171965572
51 7 163969364
45 14 73810574
53 46 808835031
47 16 381272285
10 47 335863236
34 45 900403789
30 3 827168595
6 35 83563369
65 55 621402955
26 29 445481753
0 40 524087506
45 24 819050013
44 23 911045678
47 5 795581823
26 36 768821701
30 39 386155999
35 51 966584325
18 15 921969540
37 52 403346908
3 20 542044653
60 10 971267771
40 62 494667309
50 45 964947607
46 9 360985307
48 58 548769027
22 15 946903898
63 19 182610967
58 19 783607757
43 28 287324641
2 39 476321898
24 10 540997919
4 2 646828817
36 17 816309158
24 44 544171532
46 58 382141623
45 61 815550641
44 57 583311737
62 40 49475441
46 34 186344370
47 31 779301474
6 61 80992115
46 50 930023717
24 39 366889025
62 23 1112868
23 7 251926187
31 30 812989100
29 26 325404165
6 21 79261478
28 45 109101348
7 3 134410608
10 55 307208200
58 27 185899453
11 61 469658654
0 44 315532040
29 28 530732591
45 43 477357480
49 2 54182207
7 46 428090364
65 17 578057213
58 38 590226455
49 45 73280012
25 46 474430045
37 17 141445533
9 64 923799702
44 65 539903490
60 47 337371693
15 54 111902413
16 0 604276381
31 43 724791870
53 64 888201328
43 59 944356533
42 47 543188447
2 33 645463524
33 38 33495973
11 1 2409846
48 9 594322599
64 57 163039035
36 27 114562855
35 21 366157637
12 15 318935508
1 50 998515164
51 46 67625434
54 15 293617862
39 59 319982018
19 45 778067945
28 14 974172053
22 3 573536120
17 39 359408669
16 51 468329552
34 16 684605828
55 24 868379404
48 45 366576296
2 40 693531494
44 24 496199887
28 30 544087584
24 13 978180983
5 21 622240552
26 34 529786988
36 1 598951029
55 15 154054458
40 39 980287773
52 65 306769400
56 45 821076842
16 62 911212803
17 0 758919320
58 12 554199993
63 23 920039575
8 59 944668207
51 18 910232642
0 20 118923423
52 48 459740658
44 5 832431461
37 30 763341204
10 44 788571112
6 51 820992047
7 23 479883085
25 31 300390894
17 6 146322587
31 51 46453839
5 13 683901871
11 53 156784793
45 53 478355127
9 13 666195975
17 42 425567461
0 1 36880587
38 5 459196688
46 23 289623903
21 56 51599161
26 38 955086827
63 58 731217197
15 20 916274564
2 13 570671996
61 45 520112081
18 7 640414680
12 23 45650909
33 36 815900084
52 11 183714930
47 0 28153367
58 52 355818376
12 24 869056487
55 54 277574807
49 3 700008452
32 24 824120241
14 21 54272484
0 35 951204292
35 5 157361139
34 55 713137271
3 2 869270569
25 11 230536961
54 43 595655085
22 60 717580581
39 24 542828151
38 7 536726374
38 21 110585196
46 59 395319961
15 27 746822639
30 35 29152902
65 59 563023839
23 58 246256568
45 49 418569622
23 55 329546879
43 12 23519330
1 41 125518456
63 5 641657712
24 12 915222136
13 18 570313524
27 36 656517975
29 53 968262453
34 35 61417497
40 60 658022390
2 27 347794402
55 37 768733139
51 32 356470909
62 53 645632496
48 50 228905123
63 0 719932007
45 12 380964467
64 10 927379624
10 62 905213408
30 10 62428500
51 11 999099140
65 11 401368767
42 2 24892453
19 18 461407884
58 61 852799957
3 49 251393542
5 31 285573431
63 41 20140434
19 64 387946683
20 11 31143718
60 41 693986341
14 63 484622894
61 37 787386312
63 27 938099679
18 39 776677697
26 12 825771616
23 13 548524021
19 63 339437056
45 29 837926023
22 20 610526403
21 44 230594798
15 0 263122819
33 12 738991368
59 31 521968118
21 6 348657665
24 8 637737966
9 12 830008120
19 28 389628076
37 1 822096037
54 58 30371265
39 43 170833260
6 2 602556341
52 38 789835345
57 37 590894697
46 64 450931260
21 7 34048019
49 56 752397896
40 8 328384504
39 0 120059102
12 62 356891160
45 64 407321822
57 46 639924159
62 1 816122093
42 9 104252337
13 58 819544982
62 52 928002271
17 58 279771962
32 23 363538350
64 37 626445160
51 58 483035459
21 27 622401725
53 13 631432074
1 26 487520621
64 61 114322627
25 42 946357833
37 56 348036300
1 5 822167444
23 18 879857577
42 13 417913617
2 57 859813845
23 15 262205820
37 50 539999195
64 1 420398619
13 8 659988147
24 64 595252584
50 55 544986859
47 1 325863154
8 19 535342146
30 51 859181195
28 21 259330119
26 19 615264865
11 45 519756381
35 58 94021078
36 6 582259854
27 48 666253288
62 24 641539052
1 59 450273435
0 4 314887143
26 28 436649736
56 19 236552182
60 18 540210534
33 53 459371768
10 33 443890381
27 29 746999314
9 42 465288790
14 50 711295456
22 14 548851558
25 35 824786477
35 4 541682552
53 17 436247444
27 58 627938617
5 27 659117250
44 27 664734628
24 45 130381402
35 48 845942279
61 9 583860719
60 37 654199494
19 13 138696671
56 7 65864652
58 15 100135061
33 63 595702235
30 62 409649135
26 1 778081358
18 35 365504223
16 60 815983716
65 60 641877810
34 59 766376994
52 56 958726779
21 50 526228102
19 24 467574906
12 33 899720398
52 17 487725658
52 2 576368278
7 30 152505242
21 59 192478550
23 48 221952434
27 65 863664749
39 64 910183084
60 11 724024702
0 64 834782269
14 39 389674572
59 64 916625343
6 13 557850553
62 11 715756393
29 59 249613872
33 16 561560411
62 35 77366605
5 10 103827977
4 3 650397716
10 6 633148637
1 47 735511251
17 1 944721853
45 10 482571192
3 26 596028094
15 58 821836623
28 0 -245960319
43 57 938941689
61 17 26590805
27 50 344156165
41 15 182191092
3 35 225040505
47 36 850284673
29 38 257342290
29 36 926838803
51 17 196616513
45 26 811517244
0 58 245772713
39 38 180237481
43 36 799505450
41 20 612741234
38 10 718330909
8 63 872361290
35 13 646251213
37 43 318929515
27 59 327874932
19 32 442100219
51 28 453565124
62 39 -939963873
56 47 139861987
24 52 964452860
46 38 489506882
22 62 951945288
37 2 772318578
62 38 372858581
27 16 302837749
11 58 151605953
6 58 943225984
30 56 958745051
64 59 67383087
7 37 521494126
15 41 968369193
21 23 373350415
0 39 871562644
36 25 706100837
62 0 871112270
27 32 587620553
46 20 355154438
49 41 426676762
50 48 885869136
60 29 327639442
20 37 102932557
30 58 740316792
37 61 746597302
52 14 801592449
13 54 15085833
0 27 558036875
59 18 583990256
31 34 408753077
19 56 783366284
34 24 854532759
34 11 994058909
23 50 791628987
35 14 327850333
3 1 518255356
18 60 60707775
4 60 808244641
60 46 531377315
24 30 124883374
56 25 622905385
25 18 219522809
3 63 836465153
39 30 331104086
8 1 717603997
50 9 541634937
42 6 926236331
48 21 330465618
34 17 741188308
50 40 419717532
39 12 794764346
28 27 239339989
35 25 461109156
38 11 481323334
25 22 77335214
27 28 633803019
4 30 818277852
36 13 279720081
25 23 213349156
33 30 59578780
42 62 201815535
16 23 737859372
21 19 11666144
42 25 50343776
49 37 -442651557
32 4 350346115
37 63 926437360
62 22 552765961
39 34 722027939
5 53 517462102
28 40 141230184
25 39 458030221
29 52 698554068
21 25 410944547
26 3 339895986
22 1 126512472
39 47 164135727
53 29 729864445
50 62 493789436
11 41 261522702
13 7 215042708
52 27 753602297
13 47 206427090
32 57 941386083
5 47 55424782
65 9 848248288
27 57 532418801
19 27 679520265
58 13 857949128
65 15 466625013
55 46 807743746
55 61 173256236
19 12 566964630
20 42 747302059
42 44 475799859
49 25 255162416
8 12 736570803
22 11 985748582
49 11 70817730
16 57 83755308
9 61 399957001
7 34 708054313
37 33 480123354
26 27 131312753
22 13 939322724
32 11 246466981
16 43 299488851
41 28 543681439
62 55 570146900
48 46 372262420
56 52 775685768
19 48 641983741
3 8 672886157
0 24 435304274
45 15 415252937
43 42 792614075
26 16 380682991
53 2 601981368
61 20 301843733
55 25 884273341
63 24 701600101
23 12 93073943
4 34 616277366
4 49 45579659
34 46 164033521
41 35 532282229
11 14 107426975
16 34 395827380
59 27 954183315
2 7 610905051
19 1 979819365
1 16 528935799
19 49 792285048
39 58 285681436
65 30 243600433
32 1 669809077
51 38 675000519
42 8 234570762
12 45 474619282
2 60 974005370
41 53 503773252
30 64 691777356
33 34 569153496
50 5 960680594
15 14 713044072
18 31 48353683
36 52 206177927
1 45 876017403
38 40 20366192
56 1 343011472
40 30 722005173
13 2 300481271
33 40 485242834
46 56 137895127
65 16 541029582
6 26 730897000
54 18 521924545
60 64 228150744
30 24 476749046
51 43 103956587
11 21 82174113
62 7 630730751
62 37 987869349
59 8 650050288
39 56 377494161
44 42 929944731
5 7 774304635
51 55 924935168
53 8 532640816
55 22 581088104
32 56 483001237
13 64 436240401
47 41 690464880
21 32 693780467
9 63 385446356
12 49 36761367
40 51 53678020
2 42 243450231
26 10 718229929
0 21 530741739
5 41 604837260
23 62 961047409
45 11 776266880
32 53 289279215
29 44 756151267
10 12 604800906
17 29 956687896
64 25 327553743
16 6 -370007141
2 49 411537378
22 19 658272177
54 41 952791041
34 41 406409810
6 63 527004878
10 16 42711698
37 25 951052161
10 56 523471572
2 41 78587959
7 59 72912792
12 38 85730635
23 35 676076784
18 3 116454117
30 25 271603878
41 46 194690362
18 46 687988025
12 65 194880285
40 3 610254284
13 25 940199888
7 44 199060180
35 38 152923757
29 2 213002249
2 53 602292516
11 31 847538833
11 30 275528448
23 10 960586720
41 47 425308089
15 53 92173221
21 22 61311766
18 47 935034689
61 13 358206018
61 7 937007082
51 15 935014578
48 28 936052421
12 32 924968056
63 22 382071988
38 28 529941853
39 31 325478365
42 10 771905167
43 21 890741000
49 14 984233243
23 25 695986592
37 32 308891468
32 65 873528895
41 63 769373269
38 1 898227445
46 29 728918063
62 19 642992139
6 38 141418412
14 36 410899490
65 20 914602171
10 29 487023166
46 10 620593743
54 55 804589100
65 24 306546594
42 27 308518407
41 7 793662902
20 61 828802379
15 52 713003983
43 41 135399958
5 50 148842291
31 25 164813210
18 43 665467194
18 1 303075534
12 59 69327421
59 29 900269745
19 8 359930080
58 51 820904681
6 3 146086967
25 55 317287586
9 10 264713205
44 18 885703563
31 36 398048048
53 3 347614277
15 5 285283128
22 0 584602513
46 4 533895536
51 57 979966969
60 36 981724985
23 19 675096896
56 39 825744872
46 42 118284666
46 15 915521929
51 25 627811983
36 28 674692996
18 61 463252143
57 33 121635637
14 58 6981058
62 26 545916960
28 61 556118570
29 46 120658697
11 64 547728807
32 58 967967008
5 62 216189064
41 2 783843764
12 19 995583210
62 21 497522776
62 8 468434362
51 22 765966678
42 49 593105310
39 9 470282018
10 36 775896136
38 25 610596200
14 62 583527455
2 46 344606245
7 50 613735372
20 47 729897633
3 19 568705639
31 49 908880282
7 56 157888130
45 51 804333429
29 19 895233365
9 5 908149726
61 58 803303563
30 36 899198685
13 62 933698251
51 21 365528663
12 44 953090665
61 54 63784845
3 22 566266041
64 13 132025919
5 58 494909562
52 8 970054101
23 52 264580050
32 50 444524250
5 37 633995974
2 51 573754908
57 48 857838655
52 10 682824943
51 0 970747970
61 40 772501416
40 57 613532656
43 17 478321526
31 11 283804450
14 3 146885914
28 57 410790009
61 4 680913367
59 4 525992166
47 38 864549202
1 39 180595272
60 50 284369130
4 18 936605286
24 23 452039064
59 3 885188163
17 55 920483903
41 0 846559540
38 50 985441720
11 3 966423434
36 8 937726085
32 6 143625020
45 34 514653358
21 12 602724636
31 35 240434295
4 51 897536777
16 61 243525077
59 38 90171393
54 13 733116279
45 28 77828531
35 57 770012694
52 16 459311329
60 25 952380278
37 9 911080480
2 16 663298669
32 55 291807307
44 59 335084646
65 50 863307290
63 12 914850045
32 27 290910025
12 50 87935655
49 28 53095605
49 51 960764777
39 8 805868890
31 2 619508727
65 53 600928649
29 63 632965083
26 55 314637623
25 6 850279497
17 4 184651697
6 53 646319602
21 11 345196380
13 15 639410152
21 52 996313121
42 11 481518594
4 50 623958455
55 34 767883586
17 19 546713276
8 34 642613846
63 38 890964229
35 44 24536467
52 53 192558062
58 53 317174251
51 33 775531025
53 54 222716591
52 35 34131967
16 46 451379488
41 38 49964695
63 36 716612829
26 5 594699936
54 50 276849158
38 37 23085714
8 39 738214223
42 31 108471446
6 47 128076955
12 63 758237995
36 37 54103260
43 45 364902930
50 8 597382428
64 11 137592478
25 45 103450115
28 5 460757914
2 55 653255579
64 41 376156461
11 29 352593723
29 16 288683563
9 16 256814824
55 65 398479673
31 42 885660086
40 20 840242629
15 33 183787534
41 52 524579490
0 53 869073901
49 6 346198698
63 9 503822571
53 28 493625413
8 33 919274074
3 36 119737550
29 18 254370357
6 28 121158867
52 45 707845809
36 14 292588042
11 38 710802122
57 61 94671023
27 41 56239928
31 27 671480059
55 47 349821019
10 27 280131866
1 18 419213384
44 62 491818509
50 14 161351505
49 47 331719153
25 58 687286185
47 61 953318503
5 51 619057798
7 4 836499704
57 63 900254147
9 32 228613791
62 65 95415448
46 22 224547209
57 38 385262689
53 6 291512180
2 50 496987748
60 6 383421512
41 65 517107006
50 28 647112894
41 39 20593821
38 52 784676151
26 45 702146495
35 19 295168896
65 57 773506517
32 7 654384367
23 4 308293867
39 48 401821564
23 49 163844754
37 40 737973099
54 22 419972398
51 48 677404684
27 52 -255606370
16 42 55077698
6 7 872261407
7 26 835062378
41 6 358032015
42 14 871146398
56 21 292223229
4 59 591935993
15 11 889689110
19 22 482697615
14 49 597367909
48 3 347210328
1 34 641207292
53 40 342991976
25 3 449948743
10 43 517129564
30 23 417956403
58 24 482160702
35 28 479599407
27 1 245580709
4 23 669391745
4 64 874641854
33 15 637504266
5 54 217592947
39 29 593393716
4 61 396732180
6 27 304797102
11 9 729243785
39 18 567704431
50 19 686293052
54 56 652499948
59 32 948656132
2 52 173325136
42 41 683159488
27 54 940006831
52 61 121972328
5 59 686825829
25 61 111573890
20 54 154335483
56 6 456689823
34 25 587028851
50 51 818853302
31 7 678505294
41 42 522677111
30 38 518558878
30 19 131916724
48 24 698452984
57 21 589133366
54 8 606721009
56 41 179908800
9 50 361881804
40 32 850186170
12 34 119136622
12 47 354027695
18 12 350600899
4 29 993868163
63 15 361425672
3 32 265006996
59 35 642614096
49 15 772814197
10 38 934422687
19 39 930229349
61 8 -638350961
28 56 322791136
35 3 28519899
64 30 71043988
34 8 263078466
7 5 316399848
19 50 339804373
59 21 901919263
9 58 148037632
56 51 386232570
16 35 620746941
36 55 236318187
57 13 666550408
7 51 803815980
27 3 766738837
41 4 827969179
15 62 58315893
37 57 911322663
48 59 174603328
43 48 711873084
40 12 155756660
48 44 696813961
59 16 626923690
6 62 205118483
25 49 111979592
57 16 125121975
61 30 21666615
24 49 485272473
45 7 489534474
4 17 505101173
53 36 996999660
23 9 459388684
61 15 25091612
12 4 114163210
8 40 317493440
42 64 418908377
35 61 851482609
57 12 641108752
18 36 942349202
57 4 687222068
38 19 492319607
13 49 174302032
6 54 93983757
33 6 264177575
62 5 911893827
7 28 125098690
55 5 281481423
41 44 651001910
0 57 182291289
30 29 1903763
11 63 162014222
56 63 217633786
26 37 257158294
50 49 236684009
65 18 310954001
21 1 767032685
62 43 606612983
33 4 758833318
65 19 582259245
3 6 491184920
4 41 15636121
22 40 694658087
36 47 650342980
32 33 203554108
47 44 455931187
40 37 166360048
61 36 140590361
11 20 493984193
1 8 242357108
38 20 379839219
54 38 69912724
51 63 722527996
34 5 958277355
18 26 647991400
0 9 583426455
40 28 386615733
32 3 561022788
3 11 219994960
57 26 945078018
24 34 532556895
5 43 123116145
2 38 489659252
53 0 188067456
2 10 115224690
65 42 985612065
13 60 826238376
43 44 415455724
54 33 588976437
62 59 399195674
59 11 317101394
0 18 86864070
54 40 379090880
13 0 317521151
48 54 133049825
14 10 181514771
38 54 653851310
58 42 10587491
2 31 327203114
48 63 741655976
63 28 542163389
44 55 677096177
41 55 431152214
22 38 190232185
35 16 934057943
42 51 388918609
63 11 89680771
4 21 738787414
11 49 504445020
14 22 476668754
44 50 576553720
43 30 658582267
43 29 824194321
43 20 612160165
33 28 936150851
54 4 945550059
42 34 716667407
30 4 154814796
1 42 239641275
18 44 440646083
35 29 225697909
45 40 17222724
38 39 276077522
37 38 263399305
59 17 659930708
45 16 4312026
3 62 438779425
52 30 944999361
25 33 530050208
64 40 601021057
64 6 685638448
41 21 740933234
53 65 695158771
39 13 898970035
37 42 681931963
13 24 961195525
7 45 388292468
44 61 155520231
11 18 679755177
22 50 62431933
62 32 915489214
20 51 997338729
24 21 994749289
50 36 535961054
63 13 4576766
55 43 145274848
52 9 832116709
27 12 422679191
8 42 434912883
23 11 880039758
31 41 310968931
49 34 694838660
53 12 812599536
9 52 346829779
39 22 460742729
25 1 182535121
51 61 572919445
14 13 722528942
48 40 724699017
46 26 664814968
58 6 411388225
36 33 905153328
19 30 986563995
3 28 175309291
35 39 168182645
45 30 829002177
23 21 983132101
47 50 825889429
48 4 508952774
10 5 456716809
5 52 703193971
33 49 851950035
3 43 137400410
65 37 545882627
0 2 768319252
36 43 643566463
7 54 618801787
7 64 76784942
2 1 343690150
54 62 890819995
48 20 257707558
33 14 100465120
22 12 516786303
59 5 923499169
9 29 133770810
32 52 999709576
25 44 230806676
4 55 437395207
3 27 855022486
13 55 938241685
2 26 206322547
49 27 800001184
34 10 148448804
55 64 -97335406
64 20 32415860
11 37 56988609
16 20 925339074
10 50 813708019
51 19 277973443
53 20 294386866
36 35 924424686
33 25 587105229
11 5 309246822
0 29 492299495
17 40 369272688
56 12 52815718
22 8 191353978
56 23 287044119
0 34 327941949
38 18 553102808
40 48 437982765
39 42 93209722
0 31 335799646
29 58 629547098
8 3 675422494
1 29 63881382
0 23 505002261
7 6 716817353
17 53 653100511
40 50 148500103
57 29 555122576
2 56 409533456
38 53 555353787
56 54 268908046
8 28 647897930
65 27 532325638
43 0 994008472
15 60 928543667
44 51 934214091
22 49 972094755
65 54 947211208
8 16 395024793
17 59 560835711
41 1 943165042
5 30 768713543
15 40 910996284
55 39 660661528
61 39 848077182
10 51 487306721
20 32 160509046
22 6 856758194
34 27 193351902
7 33 567880819
63 47 538733946
61 32 836297224
4 35 78787353
32 17 706872118
8 11 16084846
12 48 823318107
31 52 837602542
7 11 324008527
64 22 648165355
17 36 840812229
52 58 894179169
10 25 935041167
3 4 474058063
16 12 732517864
15 6 368289906
29 33 373256845
12 9 459632611
61 26 36217032
26 14 557058730
30 44 220729294
19 34 277427861
35 46 97250335
20 28 683673902
3 12 666684109
0 28 521350574
34 37 460328959
0 6 463177157
42 38 263414123
43 56 615497651
5 45 826113686
38 32 971104633
64 21 748797889
56 50 314045026
20 30 900839265
6 42 396894154
61 65 999766425
46 40 361472092
51 42 81903632
42 28 79577370
30 21 424372231
10 61 289725105
56 13 295046296
52 15 478774318
20 10 723031319
12 26 423571255
31 13 633123260
39 65 856661910
56 61 513788360
0 26 162197855
32 43 351723545
12 35 786799432
23 16 187174147
40 25 202360222
2 48 523814589
39 63 103427149
24 28 949503115
59 46 948236094
9 25 143365152
26 57 531575017
18 2 -243750128
50 44 585842458
39 32 738582539
30 43 568327644
65 64 517789545
28 10 641011379
56 26 577574081
52 40 654220385
12 8 970263400
25 27 185457067
40 21 355366399
7 55 267999372
25 34 247842931
47 33 -852900490
47 55 276185220
51 3 955948692
0 45 890706420
14 45 856056836
23 5 299121531
51 36 724633351
47 26 62452903
44 35 675939546
45 17 744432828
32 15 577639462
26 63 337128605
58 26 556069953
55 60 901410198
34 31 178967737
37 41 7116464
26 6 737767354
8 7 116471827
9 30 482162802
23 34 15940453
43 39 443676755
59 1 200274030
61 33 888210253
59 41 164129168
28 13 852095774
39 21 35526083
8 21 855768545
54 53 653961833
33 54 205604235
31 65 602751647
17 44 129693528
6 41 911000884
56 18 445457672
18 22 466556572
14 54 870834281
0 17 687696269
13 33 934336369
0 3 517271157
3 59 696004921
37 36 198443101
30 37 151507021
48 34 89337071
12 3 806422778
26 25 848049636
43 7 132635990
17 11 570028785
36 60 240638392
1 2 68698090
28 26 677140425
1 4 132951804
42 37 859228463
29 13 87340358
6 39 711386353
41 64 61786467
53 31 853891647
14 56 362548096
55 56 805084189
16 25 222198631
4 24 950573884
13 41 830573713
20 24 704645797
36 29 532083216
32 29 62478041
49 13 20968889
40 16 910683523
36 65 361077072
17 52 499568481
36 56 395241085
41 19 828474163
55 29 730495958
41 34 984269012
22 52 21498863
38 65 719375522
5 34 966624528
64 35 105819485
17 20 854798068
30 32 923577549
3 44 549347090
35 36 71672924
15 57 545265932
65 32 501208270
1 46 475102246
52 51 782084489
57 47 114035253
31 29 13354512
59 15 693139893
7 10 80500600
39 25 411364120
46 54 726587946
12 43 33817067
64 63 785497392
44 1 231263893
61 43 34752956
54 52 416295268
29 5 526127579
25 14 635775671
51 27 354964272
16 21 389936878
44 2 289291674
62 10 49069086
38 55 665590011
54 39 312335469
19 37 409216317
58 63 23100906
48 22 244002819
6 57 129591833
35 60 839644700
55 41 318277927
3 14 782350836
39 33 900717182
55 59 154550559
15 26 277701108
22 65 540997672
48 6 819531504
52 43 487028213
37 54 163967399
5 6 853179246
36 45 981719821
15 61 983562651
8 50 851994743
64 19 633488236
47 39 213307819
7 52 735308809
55 6 230704970
39 23 170012568
50 0 687080680
30 46 222249965
6 10 220048815
9 31 486715232
4 33 355760751
3 54 613220351
49 24 285897287
64 47 351935231
17 51 986322000
54 26 915739517
11 17 562376367
60 9 900485524
4 62 815684037
4 22 214170697
52 32 320272808
27 44 868600659
29 32 33827925
33 37 89855077
61 21 690535481
45 5 520287254
33 57 563317770
28 46 162589234
21 15 547026824
14 12 927960077
16 8 770284574
31 48 210835081
15 18 419496029
11 55 618281741
48 49 447383801
42 29 294798831
65 29 78889625
33 35 929897970
59 20 616198409
6 0 998268834
26 53 341998805
6 23 663772044
20 22 22558114
31 3 777627152
13 17 386038197
26 21 45050379
30 57 312221608
40 5 421759702
0 55 691990709
9 49 426072460
10 1 453591477
6 37 62356086
34 44 672374902
5 64 161061318
64 38 630526033
18 63 375907406
44 28 398972375
58 4 534757257
64 62 211711896
50 1 905757203
28 58 286947800
37 24 49321594
15 44 619879928
19 44 651694846
25 21 262292092
4 39 548882865
39 54 706138602
61 35 426425950
19 7 921183635
60 48 348505728
41 61 681863285
31 24 145859684
11 12 525124888
43 15 180848507
55 16 -599457357
41 54 509782950
34 13 734656984
58 33 451441686
35 65 357863742
61 53 824360513
32 35 488707886
32 39 196735370
37 4 174553162
22 57 790097528
27 31 802934406
43 8 516036341
25 51 65294806
33 32 116683930
63 7 170237590
45 25 631411154
24 26 253427557
28 64 995569945
64 60 957876207
60 23 762056177
40 9 682715128
18 10 395330407
17 57 352578576
50 10 963584493
58 1 303827481
37 58 66374843
0 8 549673531
56 33 111338028
5 4 190308555
14 23 917703135
24 18 409110301
21 18 280942673
52 46 804502788
44 34 369420981
36 5 286246496
34 32 399798355
51 50 288044582
44 13 556723689
27 9 456793557
20 6 968516431
38 46 425730939
29 57 768004479
54 63 329086808
46 5 714928118
46 8 890196164
54 16 273597336
46 61 89574558
9 34 55826124
32 13 484794248
36 15 95817830
64 24 136125009
41 18 486111301
40 33 565186494
9 18 482682608
57 5 484282675
35 43 416122844
13 48 506572281
57 24 947100515
30 52 384494811
35 40 746970839
59 6 776664517
27 13 549080239
39 52 73638429
8 51 368755469
55 50 274705250
37 15 670022912
30 7 983325939
57 15 789552794
14 25 215592675
20 53 36182389
52 44 31365081
15 46 528765268
64 44 969637667
37 64 361149139
15 34 990961525
56 64 464105119
37 39 831865803
57 45 737699071
13 37 795743863
17 32 640190346
22 37 69665882
53 48 368632000
20 23 950846571
20 63 129815889
49 19 918055804
45 36 975767892
45 50 267398716
4 47 499297008
33 60 125134161
34 3 696593261
35 34 957872591
55 26 751819443
16 44 437167456
44 47 642601932
12 16 188797361
36 61 634386915
64 65 390158268
14 64 981551406
11 43 982791540
17 61 341700989
27 47 492517442
9 45 818288633
44 25 391144112
44 0 973710138
24 55 899998642
44 41 713142475
39 5 572972855
34 14 271295310
57 35 138094919
45 63 337706834
48 12 102516510
52 59 997339020
21 41 386162952
44 54 628427864
18 14 114469635
57 2 76630656
47 9 -148763021
12 25 947923453
39 27 4817381
20 7 888162078
51 44 844280526
9 55 829735992
54 9 549680176
13 36 441919984
24 15 405218237
7 47 430350201
16 7 69147800
49 35 742550407
61 41 350376786
1 10 479461345
9 59 888450204
1 25 388538449
35 47 267686767
59 57 372564795
43 18 425763693
17 47 916929993
36 21 970125467
57 42 314037748
65 62 513719915
17 25 752999228
12 37 365933730
6 9 965241229
35 63 77081015
24 35 578335269
34 49 731080747
1 49 86760991
7 2 480957509
35 56 595314013
0 38 199160305
20 19 292404633
43 34 189649076
16 29 861498214
22 24 803755003
13 21 439325260
2 62 581191310
34 15 560719152
35 49 818212890
7 31 549223804
19 47 368865975
59 30 872852574
17 14 13801792
18 21 -746291955
20 35 489284131
20 4 600227792
40 63 900729821
8 15 543967604
54 12 269588243
38 43 148843629
64 32 947077550
51 20 987419965
26 8 959818897
60 1 155906186
60 43 666570072
1 13 656605893
42 0 595245756
50 64 880466007
8 14 530914627
61 60 945112022
25 37 108218889
23 60 287661913
62 36 376375544
24 2 861694452
42 1 200616049
13 4 216093202
54 14 406040419
4 6 325414904
1 0 35105587
63 64 665081616
43 22 984506755
36 0 562291040
2 61 318452721
31 37 796616417
3 52 783868857
62 15 13555683
31 61 849233254
20 50 903671529
31 40 235938627
56 29 370404841
45 55 686051275
44 56 560295933
8 57 149182158
14 48 636190520
16 28 147380609
63 52 111986954
60 55 665037252
29 34 983332222
29 24 408705002
14 27 544154570
47 10 46794124
32 28 265031413
18 23 358620187
11 39 34604033
17 35 636784880
19 57 576288914
20 62 595644632
8 18 987707650
36 53 248074255
13 46 157683132
54 48 603074159
37 5 619665454
10 64 853503103
20 12 598819064
59 43 773727731
37 11 934129143
26 41 430685475
61 42 709816798
21 34 421438751
43 51 724959993
39 55 829194720
14 33 934330671
61 11 879709179
28 8 495009710
13 5 101646983
46 51 102961210
20 59 127562381
14 47 567098007
51 9 423248096
58 30 810186246
12 64 717060227
33 46 436043577
59 2 113533684
7 62 241070114
9 41 948013962
36 22 26349079
49 21 865683903
60 62 381848434
55 12 770480794
24 7 113398081
9 44 703357568
40 6 906057541
24 20 649918892
47 3 231431184
65 14 399064518
4 40 244803994
3 50 728876502
19 9 901459008
20 38 189500836
39 41 944524525
30 6 259714502
20 14 808578159
11 32 4956533
52 20 537097040
38 56 525791977
8 65 841510784
12 46 666867491
52 64 974082427
22 42 708586265
42 17 295964137
3 7 434200712
50 56 706942685
61 6 787074406
38 45 900115452
63 46 381689860
38 4 708914524
44 53 440694955
15 36 825371325
11 44 385961231
51 6 676448806
56 30 387897016
35 27 561880690
45 54 937179666
48 5 139675426
27 20 445498827
30 50 729199885
1 55 470550864
62 9 599974407
37 53 908292053
60 40 252312253
26 35 649987284
40 55 736273423
35 1 93909190
27 25 321071248
40 49 505689087
52 1 139265450
55 44 -792189037
52 36 505087999
50 47 875578889
35 11 832984698
28 36 855622273
2 64 135276354
47 37 465748963
1 35 670585137
14 42 936804598
0 43 304704234
24 6 896219457
10 48 931976459
47 45 947234936
4 56 179934246
51 52 891869202
50 37 429849281
63 43 116772558
54 7 588526322
40 10 677139904
29 39 867376125
56 55 398344176
60 54 888213707
52 22 399096673
12 20 165942898
0 49 256887529
63 53 155424916
37 19 213234833
63 51 223928543
28 35 183606034
32 42 993018749
46 21 548110060
49 10 302221861
60 12 513834517
46 49 -913195931
10 24 534877061
1 3 511082810
38 13 876815465
23 40 465823328
61 22 131617254
35 6 338401132
4 19 -810567687
23 6 296678329
32 22 890889587
31 10 656118408
13 30 632973126
32 21 823599035
59 10 982896837
53 60 648813119
12 7 739809479
4 31 920325508
31 54 526180005
29 21 740042270
13 35 830936313
60 63 623860829
45 52 446393291
21 58 440911710
23 29 860006213
18 40 889355519
51 16 879196989
64 58 577853192
18 34 318751658
48 64 602875542
0 62 335426352
52 31 192003183
26 39 944618762
6 19 758684512
55 48 267865758
60 32 666775893
22 2 702228067
58 10 138518590
50 12 906367063
15 28 868510881
58 55 721346865
53 33 300191896
57 39 941511510
24 41 139690570
16 38 440755766
62 14 55202603
33 56 359792071
22 63 498482273
39 62 781014666
53 51 888721917
55 63 21771771
34 18 800193800
10 46 311540554
33 65 470555091
50 41 803628198
32 59 348309101
2 21 349112759
61 31 229550836
59 22 896406533
4 20 888165115
55 20 36137616
32 45 951733340
48 38 430329325
16 48 403951096
38 23 755779550
30 8 741564028
28 11 525866261
50 54 784277198
9 7 261434472
12 10 480017997
34 40 781307383
12 40 4284921
60 51 587108601
41 12 843302968
14 30 510577596
58 7 626034718
36 20 687445965
17 10 182997115
56 35 767834184
32 48 995375681
57 52 496563918
46 52 343679057
25 19 340845095
50 13 585186243
37 23 354285346
46 62 310270605
49 20 619989796
54 61 271273433
28 29 196204786
0 50 345578955
25 52 265004317
21 57 40296306
53 11 725766165
13 6 287736822
20 0 727686209
62 63 860487853
15 47 14426228
56 43 984753344
15 12 116887113
51 45 100187745
28 16 848186286
16 54 273662279
64 48 79219674
9 39 49699514
6 45 26627924
51 26 923314512
29 10 496183597
16 63 357035258
57 23 17562852
33 0 718299902
52 39 753936381
65 45 225409344
13 29 625535779
15 23 869048248
59 40 486611205
30 47 401017739
27 39 760749518
57 41 540229601
18 17 556765705
41 30 680355347
3 24 24701621
14 65 566953789
3 65 60283236
9 56 607606341
46 47 187622178
26 18 382175886
33 29 308122231
19 35 100105343
42 59 927068460
64 27 296770669
64 8 24899519
51 53 581418304
31 53 986756824
30 9 87197235
5 61 771085645
21 49 453581301
5 57 582092617
21 60 258661706
7 53 620048215
4 15 866475146
22 18 175154431
52 55 347774698
57 11 255213187
3 57 794766319
57 20 849987739
63 10 668089582
4 57 969070862
30 42 901057587
51 31 727556757
14 60 174015679
48 53 480393758
47 35 366365282
44 6 777127218
43 58 18227925
45 21 967807554
48 1 444935669
37 45 827909613
46 28 566930039
49 65 679510701
22 16 457901107
12 27 615790905
50 63 709803638
6 11 743786656
60 17 90102876
56 31 54750829
59 42 796221883
41 3 562518274
18 28 886458372
31 19 213764662
43 19 264614844
59 33 -384918503
23 45 105097685
55 57 148340611
51 59 875179194
55 58 173141127
54 34 276186726
49 8 597417826
56 5 46713535
36 34 886854995
46 60 45411486
30 22 283152371
51 65 655672051
13 61 212060483
53 49 175589627
33 31 296025896
31 45 827155396
21 39 455017287
1 17 379308050
2 25 211446861
10 37 142117162
9 27 592927355
21 63 729445174
34 61 369854751
29 27 303952989
43 53 848997368
46 53 3453280
14 53 899293770
64 17 374227621
34 48 248369186
48 65 720625743
59 60 417448633
42 32 375915810
65 4 913098645
29 48 211773382
58 59 892383288
6 24 555424579
4 44 147246375
33 18 983235913
9 40 359825921
6 18 43623117
24 17 481755002
21 30 775404702
35 26 277091005
32 34 739114373
23 56 955823746
30 5 173958389
14 59 350340849
63 48 394917778
53 50 753484509
30 28 148220770
60 21 273051200
64 3 500989153
10 60 639567976
57 54 1913867
5 65 568140153
53 4 131678216
19 33 353169928
60 27 27916468
33 10 699016826
48 33 289157724
55 23 542293926
47 19 616063931
24 43 390423094
60 57 608860142
49 46 362806564
55 18 575116141
0 52 748591621
44 38 537299651
16 5 948767924
53 59 725855104
52 49 457696920
49 18 351402896
8 49 941587415
12 54 123364192
6 25 180329435
37 22 261806051
42 16 176109870
22 30 791738924
33 26 177087665
33 44 390003399
60 16 23131100
24 63 297925924
49 22 762759105
54 10 655336340
8 35 875901447
35 0 972678022
40 0 468936967
5 29 440868445
50 58 193213930
60 28 378551814
20 3 456898262
50 26 271498172
64 34 292101825
2 54 800131989
50 3 896789164
65 40 474390776
58 43 400800011
23 54 243502768
37 46 687629571
48 31 705519201
17 13 953089468
1 37 420978436
15 29 976044813
15 2 938020611
3 37 97434703
15 64 665452132
33 5 35085415
25 4 614990459
28 3 344198342
27 6 412655520
41 32 397601202
29 8 291637015
60 33 673593484
24 11 484296569
12 0 69283322
27 24 230664261
4 27 814555136
60 2 486836407
26 52 311881334
61 1 13251178
45 3 976176587
16 9 173629974
43 46 627247016
38 17 749408141
21 64 648422383
35 30 440872328
19 59 184736566
62 56 284072006
49 31 501792680
10 40 617318820
56 2 417109848
57 43 861203792
41 16 383024738
40 47 353678587
12 42 886882430
53 22 114327023
38 22 597910090
62 17 646951620
18 56 523687495
4 26 423131723
20 52 581037698
49 5 929612866
31 38 43910546
54 42 -779931505
41 50 486860660
61 10 354532592
56 3 235782397
28 25 474705763
20 48 68797168
47 13 844440953
34 4 731486854
31 23 852128883
63 17 972800348
16 39 492178201
12 13 732132569
22 46 10973589
2 24 216521275
52 12 163861740
23 3 767647299
37 59 304588272
5 3 237505760
38 16 866821389
47 18 708709820
6 29 400701008
6 60 833902328
26 60 504170211
46 65 260890607
38 24 635635530
34 2 727647762
62 6 785635204
62 33 302513196
20 27 150762068
1 14 965703823
62 48 283205905
57 65 682261749
65 46 272652393
5 56 835534069
49 12 3509082
25 47 161846337
25 12 693127113
30 14 490167899
40 35 182855468
38 0 209824739
59 48 673393655
28 7 308428208
37 48 149894213
14 20 479160693
14 40 756418731
37 21 416640558
39 60 50477887
8 60 86873190
23 59 781852152
14 44 592795550
63 65 416807165
16 26 417129378
15 59 347349089
0 36 128554432
2 9 4010527
8 20 159402098
47 59 180526171
10 15 222635006
8 62 346531749
4 0 161775522
5 23 234721535
61 63 475029667
7 65 435312439
58 18 951218189
44 17 134227634
54 5 572957507
49 61 465212788
21 36 683184131
65 34 739539629
60 49 158983936
35 20 146474076
18 37 708645737
52 4 675184347
14 31 24978918
56 11 873192913
1 31 139460603
12 18 577384550
18 19 810006849
59 56 632331682
26 50 959319353
46 3 700709676
56 9 356600452
34 30 238094994
25 56 518432206
64 45 238605093
65 33 967887541
8 47 757190851
22 9 17964565
12 60 898109303
16 58 170870060
