76 5145 26 73 57
51 40 866510078
20 51 361959642
74 18 205476320
75 34 68612694
36 13 844230730
16 70 989627668
19 59 801842023
23 49 301996801
31 49 453744839
31 73 911072361
7 38 59480847
25 49 47484967
31 24 816569523
14 50 864747774
45 62 783223705
15 45 335403368
35 68 927835562
17 14 2864586
66 25 802268989
52 30 73484193
24 9 100257820
49 56 897980954
26 66 187252849
11 24 818446054
72 16 920571871
21 8 935804430
48 21 94627385
50 26 560162611
11 28 668379713
73 11 413317699
73 28 866652511
65 27 290273759
0 27 189992686
18 69 885478886
1 37 285220430
11 75 2170483
60 47 735651590
39 1 169630411
10 37 161110884
58 5 630673766
67 0 799527757
58 57 716703256
25 15 241063399
45 13 815888035
70 40 207717450
38 46 96483511
49 58 930912698
70 6 848413455
33 45 471925944
46 5 409892224
63 4 427670602
61 46 743807242
48 75 76442525
57 13 142411070
50 4 951824433
58 21 229456501
6 53 127570242
67 36 912007476
22 3 653222429
46 37 654742098
50 68 78670563
37 48 507283911
61 15 946279089
35 61 250237132
23 65 274181696
38 25 277124804
50 45 162741359
51 2 759703276
1 74 754499825
28 48 908461608
4 75 12034335
62 26 270455468
30 27 132769363
44 75 455968740
54 26 372734653
25 42 888404605
4 2 390782057
12 58 937649354
53 14 658726391
13 66 36867998
33 15 871862066
35 10 782394807
43 41 590530266
72 24 604152374
30 6 826621041
71 10 489016208
21 55 766491720
73 47 686929660
44 13 566261675
59 37 204834781
64 36 667463671
11 25 265517669
11 22 527110080
52 74 51015400
27 38 279556440
45 38 700117640
4 55 477882721
17 58 185582991
31 48 609238070
28 4 252253774
10 6 734625046
8 14 377908856
48 26 798243658
12 63 330029845
29 34 92740996
72 9 296984736
43 39 826932167
1 70 799463299
60 54 228186602
50 18 169933889
28 74 442376550
34 28 597292784
56 21 791015798
65 9 748951517
51 34 681775368
61 51 540428432
64 24 826092761
18 40 121366441
57 47 741801442
31 35 442554099
6 20 252123876
63 55 231338922
44 20 891273772
75 32 976294388
33 62 235080987
55 48 400124581
70 9 685139135
49 59 967104819
10 13 515574561
35 32 124203833
52 2 375093026
5 36 882285565
53 29 214468496
0 63 -19677968
4 73 741720694
28 25 728070233
29 33 147411477
51 37 79075736
48 12 778539827
19 53 895569301
61 60 922671931
52 8 437404501
48 2 666341224
6 23 196922675
44 45 73300322
16 23 663659035
64 6 687503418
56 67 2608048
28 13 71278111
57 72 664365105
23 0 528414825
63 48 987251740
51 54 931750464
9 3 939791464
48 33 338472212
65 62 680610680
12 72 189320139
34 29 832257411
37 58 959844445
49 72 477247257
8 41 228892531
67 15 545281647
57 53 169962722
67 38 773868713
2 52 120283829
5 9 451682844
71 43 953140000
5 24 781528975
42 28 556359267
58 68 705494606
43 15 350983457
38 5 629943641
46 61 827602231
74 64 693136921
8 55 335054400
58 24 566067843
22 63 512371809
29 75 656861666
70 36 405602571
5 19 493180101
43 56 786667666
75 54 578453033
50 53 374996994
66 51 899083790
59 47 752661667
48 72 82930456
4 12 93959858
65 17 459167898
57 10 667793160
13 20 540410096
24 64 450561599
73 45 181135796
56 6 88377196
21 74 480360808
61 68 481307167
68 60 725745698
16 58 616505165
38 33 224668230
61 8 180105841
1 53 212069293
47 43 694148544
33 22 452460177
2 54 883426080
19 56 17821969
73 54 49045893
44 62 569557483
40 56 760680215
31 0 335069077
16 45 922280650
30 18 85449590
69 16 870849796
69 65 201352404
42 9 877748639
54 35 353055229
66 72 410373754
53 35 355755464
18 48 789236515
62 20 467846262
71 53 898587091
45 10 773274274
22 23 62380139
35 34 252075645
38 11 221155375
12 6 922317742
64 19 922928017
70 15 475590762
16 48 321124258
32 64 679593757
72 8 71439771
74 42 573951990
14 68 117464052
57 35 339385895
52 17 846102819
44 4 174472470
0 1 168808331
55 74 266336326
41 32 264984608
12 10 873072098
55 19 843802737
55 29 224436853
61 37 931127130
65 71 326591435
11 26 224403560
32 65 459863899
40 36 842074373
62 42 673780548
32 3 835655563
40 17 70063716
73 74 308428956
25 44 18858120
28 6 823940965
30 41 288653353
38 74 219589
59 18 340174864
71 45 123575452
39 54 71479883
22 52 748831674
3 55 336527945
57 11 561589740
34 13 439554888
60 75 650230652
55 31 677604302
54 64 759467474
14 62 80481017
25 30 969781677
13 27 309282105
55 49 275112952
69 14 316851416
14 55 616992749
31 55 19424413
70 64 619081527
73 49 533580753
18 37 610426549
58 15 632865211
50 65 927562334
37 25 918913657
45 1 728250280
38 31 441292173
35 21 982139373
1 13 759626396
18 68 199525252
48 58 206746469
60 3 263481205
51 15 753340884
75 52 470172861
48 8 23494079
70 38 715290628
20 11 900129209
55 75 84699895
30 26 317117400
6 58 556218876
19 74 580546424
56 45 321795978
13 45 368045653
56 75 901168894
25 11 750504143
40 2 927491908
30 65 791496660
0 58 782980863
4 22 269465805
31 28 507146413
73 64 343351003
20 39 774427994
9 40 868995657
2 23 50984929
57 3 345312539
51 42 671157614
41 40 462922320
53 54 585831395
16 49 927132200
23 46 134706764
70 19 200382762
8 22 875142737
41 34 876135722
68 19 467759300
14 49 892639600
4 36 703657786
43 53 819470562
28 11 945022140
59 32 790507611
2 66 224192022
66 35 517388263
31 56 23733508
68 6 538921940
20 67 664626920
60 29 754962365
21 67 404549540
63 13 790917754
56 61 718321908
15 70 547483243
22 75 608722698
71 74 582625206
15 60 560111820
8 46 854549241
0 42 128019941
15 71 306768247
65 20 228499329
16 75 53567983
7 24 702016977
47 67 817566755
70 31 121903575
0 12 378097869
47 45 23410943
15 24 834869948
47 66 578146482
65 57 323258630
66 73 528410463
70 12 12442568
1 41 73582618
16 52 549001193
40 73 277941371
65 13 926788854
19 58 279156436
64 45 549340157
32 19 879535816
69 54 530055830
20 3 272438165
54 75 693850508
36 42 188592638
49 52 394717369
51 24 68836913
64 35 113119708
39 38 672705943
75 38 531446039
52 43 763679612
41 73 13601583
14 35 71464146
35 71 976609519
22 50 610570454
35 50 243411024
41 29 755855439
55 13 12033883
72 73 640858082
13 57 714928911
19 64 893149945
47 10 127143597
36 61 802629155
31 54 822088906
10 12 118185641
26 63 795715970
61 18 317892498
63 47 830891582
24 58 405710284
30 9 342088139
48 41 710193994
32 4 398721519
30 39 146867110
21 18 596548449
40 26 154211682
23 6 660713446
34 66 556358551
71 25 749754096
11 5 348582461
59 4 470559555
69 64 925042081
57 38 647717314
75 24 423492349
24 67 9935547
37 15 683104232
58 35 318455469
9 20 201264640
36 69 112291462
27 24 625037797
31 67 905415048
40 15 348924771
63 67 901075703
3 38 951476886
53 7 255180885
48 70 609237330
24 25 199854894
33 37 106704141
63 14 563676570
61 52 480504413
40 63 279816432
0 26 273088214
21 25 181721326
68 17 935778316
18 16 754279893
51 75 611147904
67 51 62848851
68 7 791751376
42 43 896196494
55 37 180008185
0 72 787121880
65 28 523318439
53 23 14449940
56 19 945148585
20 71 722429886
45 67 788806957
29 64 538749779
8 13 250220307
21 34 676659122
31 37 685630984
56 60 170752414
64 30 516699237
9 55 420188779
31 44 256440540
44 26 81355946
2 4 503063977
30 58 208420426
6 5 632665330
72 4 253487456
48 24 270167680
23 15 794398080
26 68 329023944
33 31 744713812
28 10 128861015
59 70 615988763
21 48 335051820
0 35 846413782
40 0 287243246
19 39 54975229
10 41 452845865
42 47 470087721
10 51 688206922
16 9 321951024
30 74 719992897
8 30 293467423
73 10 303095791
63 29 12265447
40 8 517393951
14 11 944232463
37 30 688759885
59 28 608818783
13 67 523670652
16 12 449337347
36 53 976940536
41 5 157079827
58 64 247482201
29 58 202077581
7 72 -512175653
10 27 295207344
43 14 822719941
72 2 223248675
2 24 994951103
17 52 908733786
59 15 301980004
26 41 964085527
0 55 802819546
71 27 253493043
72 55 332250614
8 24 876937507
63 51 67463990
23 28 642728870
2 39 308655718
57 40 400921219
15 34 691391347
66 68 924852044
47 18 278341259
53 33 439521283
73 26 248545136
39 73 185093014
18 1 684509508
26 14 228293114
28 38 419150756
29 42 25133981
1 62 721202725
10 68 881750639
46 34 359353719
58 36 982076786
26 31 495127144
36 7 224600775
37 47 694576894
45 35 559587888
46 14 650365525
52 72 786428619
24 56 8758521
1 34 614330872
57 14 812041643
25 43 484008484
18 35 412267261
69 5 905680162
9 2 366806652
72 42 862788535
20 46 899813463
60 31 184164620
72 19 878783851
9 47 518546833
15 51 596995904
12 13 947983211
20 15 153212535
65 49 14957491
67 23 644679048
19 62 395763871
9 32 860754590
15 13 203103186
58 26 419306853
38 37 246911918
75 66 435971631
7 48 205908007
64 46 37979447
15 65 388443712
62 50 913291681
19 3 402757942
21 62 49764338
53 24 949594170
55 67 80738896
55 33 290422258
43 12 67592314
47 50 483562446
45 48 783870418
5 40 233371042
20 31 849981846
43 26 577783524
24 40 275705425
11 61 580277123
49 33 380783427
0 37 126413002
19 12 676009639
28 40 508793603
30 61 28131123
39 33 480700859
10 59 789007670
24 50 661344288
26 42 845571599
33 11 623013260
13 18 260797714
16 64 940830743
44 55 839486024
28 49 764589613
7 66 323316420
11 8 44937313
13 25 149005933
32 6 918131526
53 45 719677197
51 19 382626640
60 70 748473471
22 56 418570689
10 16 504078999
5 11 824047357
36 63 69545255
0 22 198784765
49 39 369247693
19 61 40794445
48 15 347139416
60 36 300377143
29 3 581188194
9 53 313910274
43 50 461973497
25 2 536868024
41 54 415317766
17 39 955986965
50 6 368203995
3 11 566001194
23 75 184996481
14 45 550907394
37 9 340898819
5 42 470030637
68 66 528400421
7 26 333426361
61 12 595110606
4 42 192987600
27 57 718316656
63 62 452816962
39 50 419803973
45 0 911211477
12 9 303891289
55 41 345362508
49 57 819127757
25 66 773883461
67 19 96167692
7 23 426555737
1 68 410304458
75 0 12993918
16 22 813029631
21 57 152209185
5 65 470163919
6 24 816958660
17 68 242466231
11 9 799434981
52 16 -137295236
36 33 426111984
11 32 840031550
18 11 414586798
51 7 880233036
49 35 208814622
41 19 668759227
15 26 669311180
17 64 324873244
7 1 40955280
20 1 692672707
13 32 651154796
37 57 346147558
6 65 25154152
25 9 173442469
1 30 849622809
31 16 66350128
3 12 454179513
67 1 901237507
73 19 833766004
17 15 577831629
8 31 606489213
43 33 860777988
28 57 86018243
74 49 692075201
16 46 871011542
29 48 324827913
49 45 80986022
25 16 68022708
5 27 678291143
26 5 865154779
12 26 51458831
2 10 687952125
14 48 649380772
60 9 393753610
19 41 447109362
71 15 987756669
71 42 780995584
10 29 496690935
66 36 564447622
27 37 309737160
17 60 14060354
63 12 388981886
67 69 163829860
21 3 654344121
55 23 763286250
8 17 806169038
73 17 851489837
58 55 912588222
62 64 701435957
73 15 384720085
36 46 760834850
4 66 578569782
75 13 248914061
25 36 397918304
14 40 51110172
57 39 28999869
43 72 751917878
61 47 827890352
37 26 530009847
9 10 30016896
5 46 286694733
60 74 264060830
19 45 423499241
43 32 690203870
18 44 197117123
21 39 744675999
27 68 682286092
27 36 519258212
41 9 602008633
46 40 997453123
10 26 47045430
36 30 437226470
63 1 723180392
74 39 710339806
33 12 795618322
22 6 998766955
49 41 506976583
9 52 288237249
58 10 123120451
14 23 682035697
11 17 343350333
59 42 662120409
67 27 766865425
1 31 515527223
71 19 858651647
45 68 510477392
59 52 929451815
51 43 820379030
48 10 773631830
52 40 479389026
12 49 63301455
40 34 34263845
15 22 792226476
53 1 629330251
41 49 812404249
56 28 55019327
12 20 381510693
23 37 870658211
7 67 97593660
26 70 534474479
46 35 424551734
66 29 60060531
67 17 281580130
1 20 422966608
2 56 792139354
13 0 583954347
43 36 827650233
31 50 868189426
32 63 467101216
37 6 647406580
25 5 363300967
29 21 456037537
40 43 818043048
4 1 823561237
69 30 434307613
39 24 318846324
68 35 914256054
29 73 202046286
55 73 382726312
6 41 174592415
61 28 628027757
41 60 254850786
28 32 726244032
12 29 443304094
70 53 781625530
59 16 36117068
13 30 700821580
70 27 821776902
14 64 281042010
75 42 568258562
48 69 808980797
57 56 -553409324
69 2 558995618
9 44 602703914
71 36 766839133
71 17 833912875
75 47 655288282
39 15 59193579
57 63 143450621
50 20 880690798
43 57 301430525
43 13 160176532
57 5 257781208
64 68 799002196
32 45 877897363
31 51 346141215
12 11 451239830
60 22 641761401
54 50 511935423
55 56 704247018
10 22 149572220
72 70 845564325
10 39 81790682
15 1 131658230
75 60 326519266
26 57 485297233
0 64 927739081
2 57 683925783
49 51 974566782
28 20 155207883
8 26 946741555
69 50 433655903
72 10 155311383
50 31 692241967
49 73 59814124
57 68 796513118
66 18 943753239
45 71 514550546
17 46 396131868
72 60 947008174
29 52 655287640
40 61 665830125
62 43 427104091
44 33 811793592
1 67 263973632
9 66 88725789
18 71 651323921
1 50 112641329
53 15 493651944
11 58 125975958
28 68 578181700
23 29 882601798
52 48 452224473
5 69 831382406
4 60 368305241
65 60 163806576
41 21 226590930
59 53 845279100
56 65 611024338
32 57 868847178
57 17 44015863
22 9 980539906
40 60 219519127
5 12 328479910
12 41 132259518
37 53 907632703
66 0 636152710
28 23 525792205
22 39 361907313
41 0 744337859
23 52 251968571
53 70 179968489
21 71 923384606
18 58 220674059
47 46 96994930
11 12 56645906
55 47 -30464779
42 10 193436241
34 7 637077670
12 61 373346373
16 68 964985832
29 17 96158806
55 8 564002731
67 12 898469195
57 27 364772903
7 71 502112499
0 40 706278671
45 5 398833283
69 25 91443026
23 12 104987328
12 52 496206300
6 7 684149346
64 74 831465367
49 68 13871481
14 51 608516724
64 67 327181485
60 56 782144280
68 65 229931334
38 28 314882351
68 13 14128750
45 3 814246221
35 57 76474247
53 8 231198264
67 22 530809420
16 35 568587170
30 13 186421754
49 67 469768713
68 30 627921690
47 7 994105330
58 62 16257560
28 39 508701867
44 8 592368848
60 57 113491000
66 6 389583010
32 11 205205683
61 14 677592876
70 55 657226450
30 69 777561080
7 10 156194971
20 47 244662368
10 48 565226266
8 60 203216072
63 41 488526482
23 18 680028522
34 8 522757207
71 30 186476626
0 15 617195892
68 38 -194134800
64 34 720845308
39 13 619948785
32 55 882995167
37 31 743585387
21 47 81317284
1 73 888434236
39 26 755360290
41 13 260217979
27 75 652709523
11 71 558155545
64 32 412467074
20 73 892535199
65 26 574659253
68 32 432704988
5 17 751293339
56 33 463878575
19 51 552641124
41 6 581940429
50 22 585497626
36 66 104498980
64 5 310575177
38 0 899291721
38 21 315726019
63 44 224843390
70 34 391858380
70 60 659796949
73 31 291470989
25 33 778447722
35 29 861674004
57 74 615122212
38 73 405104770
48 63 428575818
75 23 39253294
59 74 398983843
59 20 72152031
24 12 138864134
47 52 963709445
70 51 8001733
72 3 466472759
13 51 201575239
67 55 402946456
10 47 138091863
70 45 729989317
44 7 159850253
74 10 37905354
43 62 414663099
46 15 475983455
59 5 151745950
19 55 306146228
73 46 634385899
18 41 197593863
5 29 557337985
14 0 310164692
6 1 114126882
32 24 767918840
54 1 999961891
69 70 582654462
30 19 588334632
15 56 874597457
24 28 326735318
15 11 153135989
62 11 550075058
43 66 587422285
34 39 437204655
58 0 105494774
27 16 417047226
16 1 114508274
74 47 901062223
6 70 156826627
66 47 54990914
9 33 261334960
47 36 387589990
15 36 479389713
21 75 51940049
38 62 184566007
31 57 207666130
0 31 922388001
2 48 681492350
10 7 825860827
63 60 595638483
30 66 240081246
36 21 294587988
2 71 981556780
7 0 5638412
59 61 771264984
26 74 835915638
35 15 218637557
68 69 982903029
46 20 930704313
47 68 575619515
24 6 956307530
11 69 906809879
72 52 637662969
65 59 373821003
26 50 9398457
3 41 108606290
62 53 350730927
19 31 400805969
73 37 290348343
43 58 230396366
41 53 973848406
30 37 720738637
61 31 861398324
60 32 2886
10 50 863647907
40 58 369208345
63 40 334055077
22 73 696810343
22 31 126654416
51 27 802005306
25 40 186986085
49 25 884609054
52 28 140469430
3 57 681512700
60 0 2866583
6 9 394760001
45 36 827290692
27 0 785587100
65 24 529166576
14 38 38435542
70 49 373000986
58 47 473418647
6 60 18314091
13 58 38437909
9 58 281420055
42 26 868259979
49 2 697832179
13 11 93163563
15 64 711458060
18 64 747214087
68 14 958266047
1 40 540502248
48 66 11764277
8 20 381958597
6 13 815789745
70 1 293061567
67 34 650024192
64 4 430195840
35 18 161967198
33 6 636441435
37 51 571107094
39 37 425775908
69 3 502007269
53 41 489936520
29 11 911130668
50 34 881097836
66 26 191930405
19 48 103194659
21 32 451602408
12 32 262608244
18 65 599676386
59 68 856513638
55 24 978813115
7 53 475832682
11 30 643772780
54 20 691845804
34 71 999122876
63 23 844090698
48 32 177979498
71 67 398553063
22 59 776674322
67 65 148628338
55 57 954136529
23 14 70787730
1 3 176312618
28 21 252252779
42 0 880494493
69 51 576350214
13 74 415054361
5 67 307812694
19 75 622578961
22 16 242207975
61 30 314528618
35 25 649688649
59 69 890995414
47 42 246992131
26 23 576486089
20 18 647049029
65 8 522714747
33 66 981461313
3 66 236833816
9 8 358652414
5 68 213232404
11 43 405779628
29 44 161324694
9 45 717004365
27 43 918401759
33 3 512241265
71 57 672540546
40 4 282904727
44 38 527059196
25 37 671896926
47 35 903060360
61 9 635900830
20 42 555181100
35 9 44437267
13 2 474948635
37 22 338398799
66 48 805008615
43 31 279199876
62 18 919412709
47 57 995065538
10 60 196502652
51 74 144162016
72 31 835706020
68 22 902449110
40 28 370076591
16 26 609750970
32 42 889168596
74 65 613822446
59 22 768450266
22 34 899470796
54 9 760054794
62 75 85275199
49 22 621224583
54 71 354702959
54 49 663246237
28 36 130173648
55 53 537818000
40 41 70474753
43 22 134142749
63 22 848128361
13 9 315797534
37 18 184960300
33 59 164375112
18 73 1747789
74 63 691446734
12 15 200860870
43 47 270525404
42 8 748279123
32 60 770893880
55 16 882771260
59 73 573344376
33 39 335690149
39 4 500343673
42 20 629043518
48 59 894290181
35 31 784620974
10 71 760119116
13 35 806290500
36 64 292416681
41 65 815643381
26 0 909574183
7 2 653380694
75 70 793595389
0 32 426972399
2 40 284068312
27 8 135869998
54 2 933159532
55 58 938294059
56 50 790418710
31 11 940512634
45 63 619163028
45 44 349370767
32 30 765537877
20 70 366045135
70 8 212445956
1 49 298936658
16 34 303917699
52 38 174924775
33 1 728416012
53 49 969380729
1 75 139264765
4 31 271745719
58 51 843723603
68 20 574578716
65 5 203408
33 65 447388266
3 61 756781777
54 4 27711819
40 49 277820572
12 8 195586375
75 55 108858076
66 16 545302829
70 72 710095230
60 68 462930860
61 74 104263670
74 12 97515078
30 70 671549291
24 10 925995936
37 33 587238761
16 18 442413657
52 11 789885082
66 5 949461507
49 20 648292107
43 54 592481208
58 1 926338012
54 7 400978104
44 29 42447294
26 25 648106160
63 71 98910676
19 73 459108834
6 75 332136049
0 66 797669621
50 72 239708518
48 46 345555964
17 67 403190725
8 38 794920890
3 24 172241326
50 71 907434431
53 10 579808285
17 61 754826098
66 4 131188882
5 8 64512962
52 29 522509903
65 37 540072654
7 4 198706944
49 15 367710007
32 25 534496169
44 74 393813495
45 11 452098512
30 33 802572447
8 34 826795038
55 43 316236835
19 57 759100196
42 21 858709793
34 16 33738207
70 24 760262624
42 4 348509259
46 0 929218531
63 66 412544292
24 45 608717624
48 37 315565123
68 55 29635948
34 56 205304683
39 53 339752407
29 69 634838339
10 38 88975664
50 9 92534683
53 63 236315693
4 14 447476630
16 39 679985473
0 36 860659779
25 73 535844195
29 50 621960474
73 41 232043863
68 1 306722079
71 21 571996114
18 49 924238018
2 58 -187232654
75 6 965804726
64 51 538547661
19 66 706390728
43 74 210687361
57 66 703659971
39 63 689021512
58 13 285959349
29 62 138647800
21 69 619217035
49 0 621225176
46 73 584357938
35 60 821818366
25 58 709085319
57 50 83950232
24 52 19618620
70 47 921576186
0 17 383400941
27 12 540985934
62 57 424507254
67 20 900207833
21 64 180158789
2 51 427099666
42 45 937924952
38 52 914283166
6 0 473539440
63 57 988283352
0 25 971666300
36 52 453206036
69 55 813784559
74 16 308545154
53 25 211701773
74 28 31173989
74 35 853774040
68 21 820883395
1 59 987095768
31 29 161252461
8 69 172112180
26 75 751122291
22 14 928192583
64 15 541149271
40 50 446634404
68 3 857414395
12 14 362004761
60 35 216053310
11 63 157033962
11 47 121767082
14 31 834655180
52 58 782259190
32 72 296502217
61 49 324029512
36 34 612161396
41 71 229524576
5 45 362007134
57 18 859784970
60 72 437446506
24 23 540659226
61 7 460845809
40 32 832919082
35 59 420686146
33 71 122717533
26 21 884390212
47 9 454061241
5 30 419985590
8 15 506206284
52 10 508309933
69 39 354210146
7 47 215701194
32 18 429567242
60 23 593594884
52 68 47549826
2 0 318424850
18 12 108512301
12 75 -881528349
69 45 704048410
62 69 856430707
61 64 663385065
18 32 220936098
70 42 875427460
34 19 491389705
14 13 523331435
75 48 459055216
65 69 470308355
64 23 542109770
13 6 850129659
41 63 785123524
59 40 950219901
34 72 799115136
72 75 833656186
10 73 71146296
3 26 253760291
14 26 850009185
24 19 648890421
6 45 938320064
51 30 709343299
9 62 483546175
73 35 490807102
72 15 381948570
10 8 291529866
72 13 984020758
11 7 774917464
29 25 434091822
56 14 926929317
36 67 160521839
60 1 248326758
34 60 465424448
12 59 336492994
60 27 79705139
61 0 372851254
1 35 101626286
41 44 785120453
56 53 459241271
43 16 617171088
63 37 552399114
26 3 20672768
57 1 260609137
9 54 741610875
7 29 988681163
19 36 932128208
24 41 660405776
3 49 552405571
41 39 9670490
57 24 597275950
74 60 347659962
65 56 663024844
27 66 888702861
2 41 987260067
8 59 442294701
65 54 215612952
21 68 475892950
58 16 62040287
51 12 594762164
37 29 290181641
42 37 846709556
32 40 313338535
73 61 98856279
14 39 614970965
3 9 513894885
56 3 532405542
73 6 608912609
54 66 643466940
26 65 10466649
1 33 702446282
6 64 444503761
55 6 360948691
15 55 406980267
35 42 337847670
52 37 18073523
33 67 547435051
5 60 777319420
36 73 437845401
5 4 297987951
75 18 296874633
66 57 803682903
66 46 607285437
73 16 642725398
43 18 354932995
1 57 230212678
36 35 618041986
72 54 382939274
17 33 200198178
56 2 455844636
30 63 898647678
33 29 225332692
73 20 32974525
42 64 675326110
27 61 628066661
16 56 230829439
58 38 5124190
24 46 210880997
26 8 551213039
59 1 304437307
21 0 483474447
40 47 760586330
13 54 576571760
66 32 81417410
10 45 295604808
2 20 506930497
7 45 748164990
56 32 802700514
2 67 760779616
49 9 624643508
66 7 476555680
54 5 814677889
43 63 599918208
56 7 736968417
26 7 47325415
21 38 523191460
44 21 548273515
47 8 482771680
14 6 66188268
25 28 65984777
48 11 808839654
58 14 875289915
22 48 304174064
49 29 770660139
53 30 226056398
13 55 900152655
18 60 153101887
16 59 435695790
9 49 525658974
39 59 133005972
44 9 426594310
28 31 733553044
62 59 5349601
52 4 841938955
18 55 690123824
38 15 474894887
17 30 1437318
57 6 370788884
67 28 271290604
31 39 357712827
70 62 701430787
7 35 38557284
48 39 199875245
74 70 209411415
33 34 989336562
0 44 650758050
47 55 92990459
45 73 121707073
70 16 560055478
5 32 234572942
55 22 222150455
25 45 729106861
48 55 217198831
51 23 364841470
69 71 199293667
32 8 729951084
41 37 725778588
46 75 158914636
38 30 303810996
31 66 24727956
40 19 443137809
26 60 553651745
52 5 791821290
5 57 331576529
50 28 710683924
39 14 785071317
41 7 944397439
60 41 488358402
63 17 596024458
2 29 6123129
73 75 632083346
4 8 748993376
74 46 667089741
72 11 144509300
62 35 56327729
13 14 726011269
34 59 851671036
27 17 523194728
7 73 632745236
54 28 526363929
24 69 309804259
72 34 90363487
62 52 291514463
71 69 634163570
2 16 762320820
75 33 487989076
15 37 963011657
75 43 761168274
8 43 892508375
24 8 135296210
47 61 746419567
1 36 284012891
27 47 114597447
51 53 36829696
9 19 671483048
29 54 45065469
50 40 612557178
62 67 752007657
8 73 194036353
6 54 171655356
30 47 621747189
9 43 200600756
38 43 332240061
45 14 655595164
43 2 446253022
51 0 143049139
15 43 359588675
40 22 498383473
27 60 805380729
74 41 427211401
27 23 924627844
58 23 742099317
74 0 130772244
11 51 577328989
34 3 753022667
8 45 971692753
26 48 203198436
35 62 163069263
8 71 36812878
34 43 473519751
53 27 301472923
65 36 955820398
69 35 270854149
74 9 610558456
73 18 259653499
12 71 285167067
38 45 983382301
2 49 993026780
5 38 532535271
18 53 -53365604
28 43 820594649
22 38 996012209
25 51 248446312
19 20 673877379
18 8 335486180
62 17 778497258
45 74 111807168
45 54 275835540
58 28 745676284
47 70 436187546
21 26 806878727
38 57 203845737
10 3 994805063
30 32 62275343
3 47 621834086
31 3 169795500
17 8 119301292
12 44 29997430
20 28 509964711
75 10 902577504
23 34 72906070
56 57 761245789
38 71 416528207
17 57 782983398
46 71 477341438
17 41 235685808
72 38 754671550
21 22 110386215
39 27 279508251
33 19 452567180
69 56 715013802
64 3 804052390
8 49 920319155
47 30 720904264
20 40 351386739
59 51 115700701
5 64 652126634
33 51 358514576
46 62 656635955
28 42 252366634
6 19 119458128
55 45 677157205
17 11 165921708
50 5 853655420
45 75 462708806
13 47 145973808
28 22 33683705
18 28 237367060
73 23 384037107
50 13 851641472
1 48 81352602
41 48 61210513
46 74 649680352
60 30 -713647863
23 69 546091203
47 26 986364751
55 17 857283506
34 67 224543823
0 7 487957470
29 31 351711277
34 17 46330415
22 67 200348079
68 4 770738350
66 43 421057196
35 53 8362140
7 69 521459344
7 6 200128529
39 29 441319488
55 70 15215791
2 21 455415878
27 52 62985365
70 2 214190388
32 35 299197754
33 54 828005237
42 36 189356429
2 70 178253642
17 34 414733044
65 21 506073619
16 63 752763129
30 28 794330679
18 62 948727487
61 3 11952973
45 4 77558026
53 2 558458851
58 7 155781091
56 1 508808160
67 70 838348909
27 20 873183500
7 60 879564132
56 5 71148710
75 28 463023437
63 58 566166813
60 21 449601635
21 65 6780472
17 69 688223148
4 17 230352044
50 42 998125262
31 60 14543620
56 51 176697531
33 44 665104889
37 60 595795614
73 36 339933148
0 59 683889535
34 45 871341342
64 55 944750210
59 58 142777396
55 11 985777702
28 72 217946241
11 20 694016760
11 16 45753203
12 67 799945795
65 38 60138262
70 13 655006614
23 71 306044885
16 0 927198311
23 58 526743776
6 17 396339645
26 1 698571438
47 29 402992769
42 13 452847708
65 42 489604910
39 49 258070747
22 0 957501213
28 12 825905566
48 3 546105630
4 10 150965391
4 47 208504528
30 23 343950933
13 70 97823584
35 7 169229022
71 61 80534265
21 42 977511068
56 69 132200765
5 33 295364319
34 32 948123731
1 24 226465499
53 57 299090739
58 42 923907016
55 59 808715766
1 43 370795008
64 43 406502013
41 70 94948542
59 38 995523471
17 50 561569177
29 6 514220955
21 2 908560839
0 48 192571792
45 31 579820784
21 17 940537180
14 12 477703882
50 61 177096790
40 66 54483285
37 8 25427700
45 58 327523100
2 30 421239236
61 6 834522830
48 25 243039122
37 36 87062390
31 8 395498530
31 23 253483380
3 17 372972066
0 45 645975542
59 60 952381278
38 68 646829992
19 5 600693140
65 61 632397365
25 31 612845740
3 34 513346091
51 29 660094790
46 3 954083790
5 31 488622419
23 54 33809547
1 25 617186591
22 35 436619403
46 44 222954069
23 40 308456981
5 56 75127229
67 18 778813898
34 21 595861711
15 68 842324659
40 42 227994439
40 6 241133802
41 11 531742976
21 27 974212924
1 42 304774874
24 68 164453834
68 51 625581369
64 56 372072485
20 54 848730346
48 1 58723785
28 45 115222356
71 58 45284974
6 63 537944650
8 62 28731961
39 62 700257654
36 47 927605257
47 21 745175538
30 46 34330844
48 22 311048617
7 15 684921231
71 2 852313564
66 54 605893159
36 12 269830824
69 7 898207676
35 70 943151133
22 32 695770015
47 20 96677781
31 62 873129331
10 30 551366359
68 71 237072021
18 0 736195253
75 73 549069986
3 53 472895203
62 6 371102333
3 43 169111975
73 9 388505899
67 8 937416854
33 26 933058464
33 58 587117205
0 4 379540038
25 56 33761669
27 15 485259654
0 21 268705481
49 32 383862198
42 33 574963747
57 48 978676160
42 22 834873361
71 35 718864082
75 56 235913292
53 47 736057704
24 43 925807791
44 39 753935657
17 7 355249025
5 54 259227531
63 75 759978128
44 14 689533677
50 32 887652607
2 27 643081567
63 49 646983200
34 73 331334388
49 61 718696803
6 49 110131119
60 25 927835227
42 25 117674509
22 7 631586089
19 2 924135655
20 0 510139010
49 44 934511822
61 48 797591616
59 6 589355098
21 46 134942775
7 3 825260554
0 73 709733216
21 14 737258046
52 0 785716463
0 11 827729525
17 43 423977893
19 32 98812610
17 71 631843468
33 69 669101894
42 17 338495697
24 33 878658315
32 14 356797140
44 47 751841594
22 41 760499336
65 64 291362752
33 36 589358280
9 4 341678936
25 1 362009563
47 3 664839281
69 19 929603866
30 49 891862047
51 60 656082099
25 74 232479150
53 44 121602619
1 61 543019704
34 48 725878889
34 53 578616218
46 4 304838489
18 9 520470516
46 66 872152060
71 4 989046202
35 38 700591330
52 75 653817457
33 60 803787260
72 0 182807652
42 15 123746931
44 63 32012624
30 29 250127267
1 51 212585463
37 68 304387968
29 37 392110260
68 49 554425077
3 63 314467908
15 2 8359546
72 25 485567953
75 16 847186479
68 33 127949374
34 15 928166625
33 16 64677917
70 56 974202793
18 30 118307008
23 13 982119149
39 17 380395445
1 19 90045465
32 61 884711354
17 38 806429221
62 39 948775748
58 44 481407589
31 5 203674221
33 24 48064331
6 26 979812994
1 44 741065989
47 33 803464036
9 0 689369779
22 17 991508350
10 35 636372130
67 61 714400229
15 14 562286092
6 30 672967070
6 18 722673484
30 68 189447130
33 20 486461815
69 49 45572203
45 21 837475916
70 41 193479907
42 16 172016505
28 8 202148737
36 19 573232572
12 57 227196938
62 34 864537086
33 52 944234238
34 12 590498444
37 10 731902032
71 41 628639216
58 37 524750693
35 6 197693274
31 52 119808424
8 12 509993647
6 31 5648541
10 55 522794112
6 42 849605612
29 71 773021056
11 10 589389448
25 32 109458452
52 26 958640447
56 23 12598072
7 55 828969944
10 1 860676203
31 19 359934643
36 71 56352417
59 19 790701386
23 42 420340665
3 44 327531089
2 50 114740847
59 39 918738506
5 47 561447940
55 46 798049230
3 52 885975684
75 68 824160872
73 55 459650443
6 37 285243874
37 42 425256846
10 5 665301773
14 8 226375803
43 45 628468236
32 49 128282914
75 1 800949523
11 50 730024513
19 54 156360517
56 40 300037949
19 0 963436334
74 8 166622156
24 59 602565793
2 22 532482424
25 17 833947561
3 23 716529953
54 39 218468091
66 74 449598476
56 35 265244914
19 23 724125831
19 49 940994661
19 11 546622948
68 57 341761629
58 48 645000733
73 67 309725886
36 40 985786305
71 56 220648821
18 36 94035875
32 31 10274321
33 64 372754717
28 69 55834544
8 74 367663303
6 25 307572106
32 1 792714577
37 64 870804265
21 45 687539534
41 14 935920638
52 9 152851196
6 8 187842518
2 17 923072762
74 50 71941665
44 30 896494581
30 17 129084602
7 25 293725434
49 1 817168418
72 47 413152161
24 49 209305307
65 43 614942657
4 40 121900120
75 21 197594919
26 6 635124065
2 31 96098292
51 67 680309363
6 34 618591961
38 32 173730527
12 68 166700816
3 0 973759770
1 71 992172497
54 27 653628072
38 8 637857828
61 67 21538713
71 23 245007081
59 35 516903319
72 7 142868888
30 72 459308345
14 54 160426970
18 5 189769118
40 30 795717977
8 35 233945425
42 50 522165798
39 20 511465094
15 41 997632268
14 47 759702037
61 10 75439172
24 62 670886043
30 35 259900072
31 22 927932219
58 41 667551435
43 51 266961562
58 27 198435530
72 57 993779356
74 11 226460346
24 32 859169919
62 7 857509522
45 46 498456241
60 44 561222643
61 44 587650224
62 63 440761090
15 49 529366889
20 9 530229704
1 72 -295153236
5 72 220041541
4 64 639319585
52 3 710061988
9 60 716897345
57 16 347890103
56 43 171443550
73 12 763589791
54 43 797309633
21 60 903275023
36 24 53664740
56 74 689290515
55 25 499445080
6 39 985006873
40 69 262354915
41 42 297128088
57 2 864148995
4 21 41972049
69 46 488645595
16 19 458137433
67 29 112273040
17 49 842869116
20 16 306427823
71 63 748052086
0 69 807489897
67 3 11904237
10 15 942014961
64 41 749263452
48 61 124422033
54 17 215788121
47 19 608225718
48 47 830828242
23 64 703440825
57 20 771800050
74 20 189667935
40 45 127624030
26 34 485767742
41 43 233041231
20 7 227269796
26 27 782812886
59 54 694662805
16 37 528976088
53 66 426100023
59 14 552514432
0 70 534163999
15 10 30805706
66 15 724940537
40 31 543077586
25 22 615936208
58 46 698718280
24 36 299924706
45 19 211157144
64 12 613207527
68 74 165097671
31 21 544686405
60 14 856887876
17 65 232833295
46 23 236770468
48 53 813140562
57 4 91034822
24 75 707973184
63 16 754392165
43 60 15146867
33 9 153097100
48 35 613949921
42 60 671268435
36 1 478221039
67 60 556477331
8 53 58668264
17 62 311486191
72 39 542018482
9 67 842046317
4 13 961178649
60 42 750631039
58 45 208405953
66 14 617428528
56 41 357120224
6 59 722100061
8 33 377962936
24 0 325874246
6 55 630516848
60 24 285287914
1 55 930408843
12 27 873192839
54 21 73667660
40 29 112910636
3 30 996984527
47 65 473659176
70 25 248904925
21 16 622766854
47 25 396073277
49 48 599396237
40 51 236986822
14 33 239303852
8 2 52140035
65 63 576649354
0 43 321750891
75 15 85693968
39 34 907341644
20 37 530589510
9 35 150114183
63 34 181627296
41 69 397056142
65 0 14069788
15 47 636283089
56 11 887059476
14 56 135216045
2 12 776245515
1 52 822770305
44 46 115312555
47 64 488232835
73 27 68911679
57 62 800410326
27 46 914052109
18 75 534554392
62 65 438685455
62 9 233813157
6 74 407843866
64 48 215554415
30 12 854965742
14 17 212124452
44 37 901596842
73 7 833372907
47 1 190518491
2 8 200261096
66 49 392817791
44 12 781582706
27 71 294865832
42 68 445263034
51 4 149733881
17 45 48477352
57 41 352271462
9 70 683977113
65 7 783121165
10 20 586768273
68 25 812406053
41 15 85561017
38 13 2473341
20 22 894772413
27 44 346167882
37 55 61145975
41 74 900086466
75 26 575998316
13 3 161122524
25 60 254521320
16 5 916381938
55 66 360491008
50 17 754580575
48 67 450389082
37 28 958399274
55 34 89288640
13 53 792086847
41 47 998434932
32 20 422095303
19 27 682046709
27 21 274362551
57 44 515641483
56 46 993218549
30 55 890796750
44 61 759367776
62 38 521054657
53 51 547048615
75 45 292748765
15 50 894242353
63 59 494488068
59 62 371319386
4 34 16215572
65 50 94949321
28 65 295795360
32 44 720494645
21 35 822060350
34 41 425549245
39 58 867778872
24 66 344212421
62 41 694936141
30 48 235502696
26 38 562360451
4 15 48060634
75 53 259693909
36 9 231153626
7 5 185809054
11 14 208771195
26 28 49629985
24 17 543882074
56 71 567137650
11 68 574241094
54 55 822853912
3 71 613965320
27 49 327703456
36 58 942881842
68 53 911410914
9 41 179669026
58 75 49687462
68 15 784142202
6 11 226996044
55 50 258723575
28 64 220012405
32 29 597535232
17 35 498108133
49 10 499601644
31 68 946191588
16 53 507813873
27 45 475193011
45 66 296360485
3 8 651447955
45 59 111253413
62 37 194916602
71 13 671938605
22 64 809748352
23 51 110858702
48 18 457251825
64 47 872379320
56 29 675565606
32 62 537746149
37 5 205951863
59 27 470354550
5 44 576198520
58 66 985381884
42 29 812225105
40 46 379494182
44 24 321147522
48 45 285625244
7 52 781917020
67 16 366645205
60 53 964983299
0 23 932303273
13 39 867384102
0 3 194395890
4 53 436037974
52 55 7398430
54 51 947481120
64 73 967850970
44 56 67928965
50 1 526566076
30 71 696463760
72 17 573525411
45 34 355865788
41 62 908524033
57 58 523312838
14 73 330842338
74 24 704628731
58 73 763834144
60 37 406224706
14 10 644586764
75 11 39537004
37 38 119266664
14 16 999603558
31 45 173636832
6 69 899409410
2 33 371966376
39 19 525559714
27 19 994957059
69 44 52864823
61 11 33774140
74 19 190488706
35 63 760353210
31 72 426970055
39 52 94266179
59 44 841324996
65 6 207628091
69 66 148417634
43 42 409235521
56 8 602843629
10 32 344447441
44 35 386558252
11 37 18291783
46 57 699808233
12 31 828348869
58 43 84502620
61 58 495132022
1 54 359329178
60 58 303032526
22 54 414587262
39 42 895850127
7 32 419966505
31 10 767283640
64 63 899003013
12 40 361258467
67 13 418266007
72 65 958331238
60 20 168280282
29 19 604974909
47 28 196510680
0 75 128989366
53 72 85509790
41 58 20626136
21 28 575969533
70 65 58394475
61 41 443412593
46 42 215971879
51 44 867567622
53 18 592415374
16 66 346305243
11 13 437119685
9 74 453010267
1 16 509334177
69 52 546586853
24 5 474922952
28 53 114044205
2 9 694965122
29 16 780514949
37 74 353022196
74 37 259254700
4 61 921104161
22 47 481323993
32 48 669528913
62 73 363699487
60 4 468850650
10 70 886344033
13 73 654655524
26 71 378808256
29 56 448035770
0 34 337050433
55 61 531157326
4 33 341560544
46 18 880478475
14 4 850173505
47 23 901485961
47 34 794972594
17 42 140506750
29 66 170091323
64 75 383728032
14 19 585325994
22 46 911277114
36 29 431982034
4 39 710780131
40 16 290879199
1 7 570231577
63 72 993244907
41 51 939092913
41 61 750857288
26 52 254986615
22 25 651022471
29 41 837263654
60 64 352596786
69 59 229682671
73 53 903954903
19 6 664236767
70 75 70880592
22 55 582118449
53 48 249495831
28 63 999410002
55 60 452431198
57 32 397798062
46 29 843650708
30 56 812672795
20 5 411794371
59 30 236975079
3 70 277083715
12 1 394413213
74 27 630966135
72 20 57103978
16 3 357448328
70 32 220769149
50 38 24624649
35 11 797558401
45 6 437495494
24 4 511407361
6 56 248771668
73 22 304422585
50 66 299510396
74 54 772114434
23 60 445529118
40 13 745749155
50 64 282974384
73 38 479961987
68 11 846339911
15 7 54535648
47 5 341476029
18 17 379730848
60 16 54921155
33 21 284844983
20 26 766931488
3 25 730298623
37 1 639736702
55 38 868003449
12 60 38134831
39 40 329577156
23 44 34443955
48 30 463068400
63 56 182802560
57 36 772653086
69 17 570965787
6 47 340235127
8 44 388614267
13 31 300848740
32 7 621935371
28 61 890825663
49 18 53714634
3 28 402182779
36 23 409110123
52 54 693157907
34 51 170144002
75 25 529144634
18 34 691941706
36 20 401400572
67 73 749125339
14 37 775941372
46 50 801572615
65 68 520976759
25 57 166989125
71 64 482405512
59 34 277464877
19 21 543531024
20 8 712388927
10 42 709741707
50 10 72226870
35 5 448192635
57 43 758289355
52 14 987764425
5 71 497134251
3 39 471655837
71 47 466507622
13 26 6351999
64 0 832112191
75 14 653298462
22 10 552444636
24 15 797808756
11 66 563436694
5 43 879145916
10 67 643839710
45 26 366320975
57 61 809695614
37 17 337597347
39 16 283572450
51 31 695010658
61 16 802045387
48 13 631322407
51 48 654917991
39 70 455920759
41 10 98503370
71 72 395085586
49 38 499922608
12 66 527128043
57 65 983900169
71 49 742225866
63 0 630775853
54 12 662746541
21 33 775044773
67 14 120082589
7 30 583749956
66 52 551835198
11 54 623610630
49 46 285381032
1 6 27331159
72 68 105858940
40 57 95002559
40 3 8148795
26 4 898576000
73 66 820271297
65 52 670092256
42 46 199660641
40 67 720206988
29 67 106538914
73 34 157570893
20 35 176515985
46 65 986995314
74 67 871389496
34 44 443275132
54 68 532235347
22 26 928324764
8 29 675209798
40 62 643127131
13 15 730958819
7 22 572739565
48 36 754410073
3 10 105679027
48 20 180747331
30 11 582362502
62 12 209835957
36 3 626678885
68 26 970909188
10 56 648415153
23 73 105118514
22 44 562554331
19 17 393077898
42 19 -135455250
42 66 192686597
53 34 772987642
15 19 233580823
21 30 405812198
48 43 475905161
25 53 504478567
11 53 810242922
40 9 676307580
61 25 56491196
19 40 742166928
43 3 627779069
34 74 331550878
24 18 823782543
2 5 756507207
1 22 602733056
50 15 715866189
31 7 770474882
67 26 235997641
74 1 100609519
29 70 78063382
7 36 555828904
3 37 734152329
38 10 703930301
6 72 560220394
59 29 60805994
68 47 380920473
18 50 984189624
53 71 681736668
74 51 343921148
3 68 881334150
42 5 737493757
3 29 859090162
7 41 991327597
3 60 362288111
23 9 887568939
19 28 957661980
66 8 73035665
27 74 652489884
66 2 854245661
7 58 561369112
47 73 588409600
69 10 916875893
43 75 281722925
73 29 299273053
32 0 460361320
20 6 471814754
4 26 282411205
68 37 949161589
5 50 761637536
5 2 727069023
29 63 312573315
20 36 471840851
61 65 806679113
39 43 393998933
66 41 450062779
22 11 667033630
3 67 941843103
44 67 986336646
75 17 215737978
7 14 470008761
4 6 873322109
16 62 42749092
11 45 890596651
32 36 461998439
1 21 254867574
14 2 946816274
68 70 330310585
31 6 417379692
16 40 417836307
7 62 38053485
4 38 983724251
54 63 425108337
65 74 981730954
19 46 915220714
25 67 565350484
54 14 699598380
35 3 844571799
4 52 597139478
44 70 365841668
28 51 725986340
47 39 201875709
25 46 224189292
46 2 130738789
0 52 197232199
9 17 652854545
21 31 11883831
0 67 240300026
21 53 429932137
75 31 414216096
29 47 897570001
15 52 891986240
5 66 104049489
41 23 106422713
60 43 293965583
71 31 659950841
31 17 556897680
9 57 705481726
16 30 270442689
37 40 673096585
52 6 435820775
73 13 704184061
72 12 217319477
53 6 126000554
9 16 22568267
46 55 788777697
10 14 232512085
19 44 370795445
18 70 643813738
2 63 943460324
50 44 681656368
16 47 686247078
45 57 668983235
49 14 780229816
41 12 319200046
15 32 768449892
24 73 50689074
14 32 325069545
12 51 423990371
8 72 813232029
8 27 10022965
72 28 664494254
54 65 433906235
6 10 408594743
55 62 811641341
5 14 589394593
15 23 577440723
65 2 975669427
29 27 629893647
20 74 313782422
70 3 546200608
3 33 302643844
6 29 381378603
71 70 330008123
1 8 -892412267
7 63 494439335
39 36 528791441
52 56 379776928
19 60 726746861
59 43 924937345
2 65 119108037
43 59 76599431
49 43 925953531
2 59 991008405
5 0 845253050
33 32 614777463
13 37 404810114
51 58 990176131
39 47 905347118
30 16 362214058
32 37 980012982
15 33 228892081
21 29 327778444
28 7 737402412
36 44 803467197
44 69 182944375
7 74 342681691
46 48 865297049
16 54 62445787
30 1 847784356
31 15 673565290
33 41 32929062
1 15 699776829
33 74 907125084
19 29 322292462
12 47 421362625
73 59 60696729
74 59 431422852
68 72 178717034
41 36 849008291
22 49 636789845
14 28 88160233
22 21 527398259
54 23 418917285
54 72 3726995
33 4 62084921
65 30 108940623
38 1 686185710
34 2 619400438
46 13 508326207
65 73 664644733
20 38 368747325
73 65 904916440
16 6 477500030
34 55 559162536
9 59 868393325
4 65 196766172
2 34 355335322
61 69 716200225
54 22 424838523
58 22 37279631
46 33 39633543
45 20 876214529
6 28 498454977
7 9 159424851
71 3 630820415
74 68 853280183
43 67 445880366
9 25 596316205
18 45 127655788
24 72 902403700
73 42 773345941
65 1 263724188
17 26 361408749
31 25 349563957
43 70 753414642
71 44 380524106
62 51 983396969
40 21 589171832
30 21 199027490
61 45 31155272
41 45 132086696
53 64 792522286
55 42 247364216
24 51 692755334
7 40 665447404
32 15 141409104
62 5 695193256
38 61 364257537
18 66 75701357
60 46 538678007
13 40 193458651
21 12 259374782
0 8 839176646
70 54 286316442
67 71 377332951
61 34 900746778
11 34 917651271
44 58 821800127
11 1 788948588
56 39 334044183
53 26 422007442
65 55 431813067
19 69 153270994
16 42 741631677
45 12 994149374
18 20 847284505
44 18 122132665
36 5 287063619
53 3 755096608
13 49 143117377
63 42 598853759
60 39 882442104
72 59 632866095
34 1 586565262
10 23 410407517
71 12 153848942
75 44 294211391
56 73 390180608
43 25 718275216
47 12 79395456
56 0 438255888
47 17 24785154
31 70 770060059
10 36 248827421
2 68 951531219
25 38 951383241
13 69 842788052
65 66 935190597
34 40 902819319
59 50 605801681
25 4 513188623
8 63 493367946
54 29 678463208
8 64 323037469
22 1 338222858
70 69 37421717
4 29 894972907
17 74 169832957
37 19 184550507
13 10 190967917
39 11 550620397
63 18 6850134
28 24 983828160
17 63 489783824
24 60 331028392
10 54 407377784
50 52 486569168
58 60 803165703
50 74 959221950
33 25 867089475
38 14 551096034
10 4 64961344
34 35 861523618
72 45 8179959
47 4 818513125
9 13 461446465
62 28 190220755
20 32 783353431
29 68 269464996
60 59 771781980
29 46 900549481
71 60 960992354
47 74 346294258
55 30 890940192
65 41 159598874
58 59 959452774
69 47 962866374
33 35 135127772
70 58 832186082
46 16 288626307
12 56 76089083
5 37 209611382
47 37 97353377
24 22 911868405
62 15 691907413
26 58 815309147
45 69 907663006
47 22 820010645
43 73 200418258
14 52 845070973
37 35 979631364
73 48 93904179
14 58 398857238
55 44 135830037
69 20 861454521
32 66 278928485
69 72 154908669
53 73 217696356
69 21 265653580
15 16 930388100
57 71 231008938
41 17 305380453
58 2 109867894
35 41 439707135
45 39 182760326
56 52 201630427
53 21 141211610
2 45 422020312
65 32 347651963
48 4 942997928
59 9 110874611
54 30 8156628
32 56 658293633
24 29 770325275
11 21 987999520
29 72 269126918
54 52 13679923
50 73 926145530
18 10 963755345
11 57 708763818
48 40 273650082
33 27 4993489
52 39 66711967
4 67 761042163
44 32 273462831
29 9 636787591
72 35 486994635
48 71 455008397
43 27 994321256
52 32 479146469
25 27 634521894
75 4 641517005
39 57 602156165
45 29 451184626
53 28 114038770
66 60 41263186
3 13 88890963
32 58 532669928
64 54 162904525
30 40 332606461
37 13 862441507
68 28 22091511
49 42 923777579
10 64 771432966
31 64 919274385
74 66 180441891
2 15 629724240
39 60 964139718
47 24 429359903
70 48 264808570
61 17 375566600
59 49 620041149
17 44 185743833
31 65 535233165
10 74 909802260
57 67 12156276
20 57 207095514
39 65 10519155
67 52 172315533
73 33 660072302
72 48 404245919
7 20 665243212
63 28 264043007
10 31 671989379
5 58 961752765
53 11 248968041
40 52 372527567
72 71 229179779
58 29 304119661
70 50 56176068
52 53 433725669
27 2 96997791
14 43 160478640
25 29 648198195
9 69 736612846
12 21 755863126
44 19 67454126
54 46 590979010
25 65 621620020
18 21 776107386
25 41 950439262
45 42 877960345
3 31 351648444
20 59 847917508
11 59 825847265
34 47 864659974
1 27 319936939
37 0 739720933
53 59 47964303
31 20 10337011
7 59 683042071
67 46 659712077
30 42 486997419
34 24 735060138
9 63 798289599
71 26 695500862
45 18 606953340
5 28 326729273
59 71 394812568
70 21 201149827
27 10 778445606
66 53 619395923
8 52 726893750
8 19 121779993
24 65 99848957
51 65 411173626
61 71 847807918
14 15 920447511
53 65 853118679
21 5 565968100
42 52 753056355
51 55 454848311
34 26 498974683
34 25 996485680
62 74 279040753
55 20 463456698
23 72 193799438
32 21 893067682
5 13 900636894
13 50 948465461
38 59 889289683
53 31 360342980
59 63 909637384
55 35 729867481
35 74 562883880
1 4 993598448
22 53 744841711
36 39 618187724
3 46 650925418
18 22 427219674
67 49 470739653
74 13 78556503
44 34 388517379
75 3 303151652
75 46 556962544
25 10 249320679
16 71 410721313
35 33 618068978
43 7 152307135
32 50 516610040
65 3 184658182
72 5 837835386
45 56 959384168
72 14 612808535
23 56 898900263
36 31 588679285
52 64 857771421
9 18 967305663
54 38 4148918
70 63 471566811
19 67 705849767
1 39 948344276
63 68 985083386
54 47 170574298
49 62 421278364
58 30 785794271
52 44 233494419
49 53 320464245
70 43 541035222
26 24 664074708
67 25 536609184
27 40 935952114
35 55 471530803
58 69 498151774
14 7 125487607
15 28 436614297
28 67 623478216
37 70 460651624
59 56 583127061
75 12 94750952
37 56 902073948
27 67 20557085
11 29 430569673
35 54 205616035
54 32 -234566553
51 41 105499842
69 32 604128158
72 63 726131139
52 67 259919499
57 9 171848100
68 41 259354118
19 43 112405579
8 56 454239017
32 12 74700926
69 6 115264907
71 20 690242475
66 3 430895372
54 3 859910212
56 10 148549193
9 75 206341916
26 11 848552848
0 2 414145730
57 73 97549953
32 73 839237885
60 6 932499565
22 19 546087828
58 67 772200974
8 50 915713561
46 22 288808847
35 14 284458940
30 14 307274513
20 29 458793134
4 46 492865104
52 46 462803937
32 75 620274772
7 51 24995409
0 13 292277092
44 50 692779525
15 9 418838378
51 11 134683045
60 7 97456340
20 48 162267304
61 72 907714437
33 73 603564265
31 2 334643021
27 55 481415063
39 31 272722879
19 4 680918814
14 61 445417661
69 11 205918865
72 22 960664841
31 59 994617954
25 6 123183341
9 27 174781865
65 29 708394789
55 0 934812015
72 62 326848694
12 3 6906027
45 25 326262390
3 15 679645145
2 75 668885633
3 2 538620821
51 68 556813464
22 29 834036321
40 5 919811095
1 69 159405623
20 30 535551308
15 21 576932753
60 18 911492673
9 72 852602832
47 38 585329698
6 2 673810884
60 49 530823707
55 21 318186801
19 68 682533399
60 40 77755867
23 26 426647737
43 23 554065829
56 70 929631037
16 51 213226772
59 64 746997747
34 46 595559735
8 28 6636314
50 57 413770857
35 12 816612020
38 3 581615131
22 69 803301328
36 4 333416268
60 17 67938631
39 66 698210543
62 60 428392982
68 48 677686311
9 29 485389607
24 27 294402779
26 51 243338136
48 44 613288665
2 43 673113668
22 8 664950320
3 27 699714936
73 63 796349903
17 72 783786154
38 55 70301270
47 69 948503265
74 43 741169746
43 10 4102003
68 5 944403209
23 30 906410315
70 39 15107998
64 2 175005570
69 36 120346049
69 0 622981553
34 14 899297836
63 6 176704103
30 24 391555815
36 10 903861771
44 6 746823669
68 43 802663685
75 61 919382567
69 12 995601238
8 42 84669776
56 38 130122191
61 75 565649388
51 33 291327453
44 27 380337210
48 68 564804389
45 64 421384811
29 59 521626698
14 66 341410960
65 34 473824420
41 46 212411729
47 44 728555476
62 23 130306832
46 19 680128078
63 9 600503832
21 11 80761602
54 11 703872210
72 69 138913854
52 62 103218377
7 19 849110992
36 45 116613726
37 75 640217097
69 74 297526677
22 13 683627562
69 23 830940827
52 70 322398943
40 68 11689134
60 67 326023350
59 10 788590310
1 11 682548082
63 39 238773684
43 4 969078399
24 2 935399403
60 10 29647895
64 28 837748978
67 39 781606906
72 30 932306791
49 28 548421160
52 24 516592451
56 66 307175120
7 44 394090907
37 71 399049895
23 31 389427780
7 75 349444506
23 33 98350376
65 4 928748755
75 30 754978774
40 75 347389199
71 1 257806248
36 14 129619779
42 63 841009162
44 15 962039708
27 41 93327203
36 27 175587799
44 41 793633293
35 0 346916603
45 23 558335276
70 26 -78451518
25 70 494292673
20 43 673285512
51 39 756306309
70 61 998803201
43 65 983053118
26 46 959540882
8 4 295355525
58 49 114908540
49 8 227281890
17 5 758033459
14 27 84909694
27 59 409223029
59 55 39845827
43 20 564015997
52 73 383305396
28 2 889932660
66 67 87741187
47 75 617504872
57 49 808288701
40 70 717189790
17 48 43508491
64 18 197190391
70 66 778729416
8 70 900944914
9 15 81217610
2 25 747099956
49 34 351366065
22 51 196397742
11 44 928660982
1 66 396263657
16 2 230230327
11 56 992574858
20 66 536751329
53 39 201664363
43 21 40790118
6 61 403623718
11 42 604325477
55 65 630160568
25 24 788766278
29 38 864911731
48 5 423476083
70 44 463588023
31 61 691655174
73 69 342303414
56 9 118552045
49 36 704775839
37 2 46549969
64 16 358377044
61 53 558692992
42 55 205731643
24 16 219254776
48 28 711524963
18 63 943195693
29 32 607979704
70 23 28814555
22 43 743594053
40 25 751739653
60 61 686947538
23 24 174196380
29 26 679708723
23 53 729599140
0 46 772494875
32 51 863641881
11 40 96195857
8 36 510853557
42 44 872118604
18 3 418010728
67 41 686018930
37 65 15569112
35 39 117944247
17 53 248313864
48 16 47614269
32 33 368747401
18 26 288402492
29 43 790049553
21 10 971100290
2 18 981197837
40 14 697961567
49 3 529803820
45 47 35223963
25 69 896501584
62 22 80610259
25 8 450948014
13 4 421930746
75 36 222120658
26 61 139747131
66 44 120976448
23 25 586087102
23 22 126209335
32 74 640012109
0 54 717445955
74 32 544677108
29 28 943520361
49 27 284525716
65 22 432346227
45 52 347651807
50 0 844040671
5 59 616880411
1 65 760693284
69 29 177890471
15 4 30405839
15 38 117017016
57 12 153008124
48 50 939438779
11 2 36418034
61 42 828143613
29 5 723623412
47 6 831830521
12 35 963603095
11 49 434448466
69 33 103972175
32 41 558621991
74 56 665965669
4 49 -513420430
21 54 826976636
26 64 678479198
64 39 681831600
56 59 592932654
20 2 509631711
46 9 38445637
75 41 760499702
10 65 566616576
28 17 856519527
32 26 680337335
61 54 651943095
63 52 126975387
42 31 925034609
26 30 219422943
13 22 630971546
22 72 126987095
65 53 307027077
35 20 650309388
13 1 73754036
64 50 404010671
43 69 760080988
26 36 310597048
25 23 471900080
57 0 676791366
0 6 915952216
63 7 737685213
9 56 218412606
30 10 865686928
26 56 824675069
36 22 498984361
4 25 64467947
49 21 428202261
19 65 878455632
9 38 420382937
1 58 489857119
3 16 571717692
71 39 318667545
70 59 180071218
66 39 635292974
24 37 722865885
50 43 115961673
65 14 359992952
14 18 90170407
55 9 34280856
25 19 915764458
5 21 864537556
51 70 148507197
22 2 961557908
59 57 424926178
18 54 877976699
29 35 534188874
26 72 469770857
34 5 958196218
68 27 243768593
7 50 741601936
22 33 616497562
29 12 75508560
10 11 986029814
61 56 106204364
53 56 544907582
11 52 770289629
53 43 487767350
11 55 719966753
54 10 173644894
9 12 226486039
62 8 972332803
71 52 730769537
47 11 790598746
71 28 843448875
49 40 630245144
7 12 493972479
62 1 98865583
56 30 27949605
43 11 362305857
24 11 426349787
23 59 467613892
4 28 759359504
54 13 539019137
71 8 196253464
12 54 540024477
69 31 750551524
23 66 902784339
40 1 829279331
35 40 489016556
4 59 711515114
57 42 661957072
56 72 179092339
67 66 455808848
21 70 708288821
48 17 292508156
51 8 782245270
5 35 476399738
51 64 676721521
24 70 889119347
43 52 772996722
73 56 802783231
13 65 278655455
68 61 677346385
23 27 864223597
19 26 898625003
46 31 90801176
72 43 63377458
51 59 316703886
54 25 394134651
21 66 962150992
0 57 959202771
38 48 943769363
18 42 803158686
53 58 44300557
63 73 657339906
12 37 978158103
55 15 712392975
46 6 373334404
21 72 847719293
62 3 68726274
19 16 740987056
56 55 896933067
73 5 259813727
12 55 686730487
72 18 262019311
39 55 562570820
74 34 631267433
62 14 71232727
33 63 581341490
25 0 822645944
68 52 977834894
63 74 264552404
14 21 387343367
68 56 447453385
70 0 509631167
20 41 974386965
46 70 776351049
45 53 91570323
16 11 467478043
18 23 143683947
7 43 771252258
37 7 329363834
57 26 45964872
61 19 702607538
55 71 499950061
42 58 361444690
21 4 405232623
16 21 954776621
11 41 223350679
25 47 686832939
27 56 20526683
34 22 425819482
42 49 491243500
23 41 553519221
8 25 827066534
63 61 846323965
62 24 737823069
32 46 612382806
69 57 676236341
31 18 860550135
62 0 39055207
39 23 161853733
9 48 663278221
27 33 443651516
37 46 74412454
49 66 152820800
24 1 517202871
17 1 167099508
33 28 923414884
65 58 185196086
39 41 954678457
23 7 956966361
60 62 494931598
15 29 769581612
57 55 33353865
67 42 288105804
53 52 879401761
16 25 213287633
57 51 834845096
55 14 592040998
15 58 998729904
62 4 890379943
1 18 31569381
57 28 561951738
6 67 962270713
2 13 268572345
25 13 522709658
14 22 473443151
11 33 821672003
10 75 613805949
17 32 289882631
3 72 555700487
35 22 138769724
32 22 252029117
73 2 917821143
66 24 388705396
45 65 13433441
2 62 573766077
51 66 642337190
43 9 14332442
61 1 477312194
27 13 340449607
27 1 147902840
27 54 870355129
28 41 718032031
34 27 201555933
54 24 960800938
27 18 989575034
25 48 965599540
37 62 576463617
35 8 75243254
71 5 757526356
8 68 129304671
23 36 936243027
65 23 803555345
37 21 917446304
36 50 328723114
40 37 325110266
74 29 921099908
5 26 4277577
12 2 884464823
50 7 424072425
36 70 169383330
70 17 138914980
69 1 708178156
39 68 636503384
71 22 677048628
74 40 976476356
59 33 811979194
12 38 481947177
27 65 880966541
33 43 474920420
27 69 587951592
51 3 203737267
40 72 628174534
14 5 998393406
14 44 535865552
50 70 484182590
71 62 313183194
45 24 952294631
22 66 176591340
54 67 564487534
30 52 605357897
21 37 197203164
47 31 -285379721
2 73 353485916
74 69 339260082
10 28 525235808
5 25 781811175
29 2 942042295
50 29 504606461
16 73 775726126
8 65 277055342
23 68 754160127
35 16 459242114
74 31 793173252
10 0 59746937
73 25 570959113
49 54 613169735
37 61 456604077
23 67 658857415
23 20 49441117
0 10 674668062
53 38 128212169
30 50 150451627
11 62 485923781
66 65 356057022
26 32 767756058
22 74 941233553
23 32 890225032
49 55 900590878
69 9 395658157
58 31 106463451
51 63 378564543
40 71 819464105
16 41 868718343
51 18 197514445
39 30 42750285
18 57 21241578
62 58 893380854
17 22 406918364
33 72 995125481
62 16 265641293
19 13 687324096
10 53 -631800091
53 36 792065366
70 52 92283187
39 45 785066814
50 35 611383948
53 16 863333912
22 20 657981499
21 73 11738327
1 60 719472361
70 18 360848630
14 69 624953251
58 63 804314154
9 21 136158906
2 55 636398242
43 6 -586782427
20 44 302440181
52 18 97146992
36 75 251462448
56 25 217249115
56 31 670970798
33 14 754649122
66 42 114244437
56 18 543104487
3 74 900891324
55 72 638558835
67 40 527484283
61 66 244955261
70 4 321082731
31 71 826832602
34 9 -871699948
45 32 519996850
55 27 642947757
19 70 160742596
26 2 616323193
56 54 114516012
28 52 367617093
64 72 66536710
53 19 877730822
60 52 460968696
75 67 107492129
35 75 731880069
62 48 509428267
67 37 9810538
59 66 712262950
67 50 183641466
36 2 277604454
23 10 648125500
53 60 797682304
62 36 661426260
38 66 794890631
54 60 104725617
22 58 894393042
17 47 99063547
48 74 198851340
68 64 733581117
45 7 933078396
62 54 743404786
39 32 836302561
44 43 238692904
64 7 18176322
55 51 849615800
20 17 769446624
23 70 282055524
27 3 441976146
20 33 859566185
68 42 724155645
39 61 763307066
66 56 537324081
46 63 222344585
62 31 343864830
59 13 269320347
67 10 27244948
75 40 465464578
26 35 339672670
66 12 873298372
33 55 272320836
3 35 567931242
30 67 652594691
6 40 213790514
54 41 337332624
4 68 124466969
67 59 37588397
59 3 661861560
64 69 702233889
63 11 452177452
75 27 467151535
21 52 814582927
6 35 158377087
8 18 196106000
10 43 933430496
53 0 132412323
46 8 8760204
18 67 514698177
54 44 158035823
32 17 913191760
28 58 494785076
75 51 -684527118
31 36 555252659
39 28 321284293
52 57 219465936
49 50 490593528
26 22 681347888
2 72 824799264
53 22 74525276
10 33 582593051
57 7 233869776
24 26 139002013
47 54 821441004
38 6 668104429
57 45 122168129
35 36 319833352
8 75 420427197
39 22 526283692
38 16 784668106
60 38 291052360
17 16 866064178
56 48 796055858
64 61 394536737
69 73 605736683
11 39 146303279
42 61 325393865
35 1 783851168
11 18 1250636
15 27 148219305
39 69 13279638
41 72 127106790
6 38 391124608
57 70 867240316
44 2 939599808
58 34 711423220
21 43 554024362
12 22 219945122
48 73 188794487
8 66 618704538
19 34 309404543
3 59 743070679
44 28 976991415
50 58 780490180
38 42 346698012
12 73 387137482
69 63 389135718
1 56 980405624
57 34 118540049
65 67 836015065
69 43 229511106
61 38 887071929
16 57 791627396
34 37 133646692
26 33 29399297
52 36 312289859
50 41 622289087
11 60 406677582
26 55 617975128
47 16 84456718
48 42 659925883
67 5 640396316
55 7 656747511
37 59 959178394
28 55 316783018
71 33 53138992
10 18 564035251
75 9 278945051
19 35 711064448
61 57 451104265
1 10 291831788
39 8 524770651
61 55 306522154
33 61 134112149
60 50 37754288
23 4 690608513
42 38 321827742
74 45 135669504
39 44 276500706
27 62 130833810
25 71 564211529
74 6 338787593
24 7 138421872
48 14 703187613
31 32 764620026
41 66 651855378
38 27 258258197
38 29 625402918
74 55 367502158
29 7 911284009
10 61 892328337
8 47 329494573
3 1 774914114
68 45 550013634
13 61 36877126
24 21 363766580
55 4 884888596
52 59 534816450
33 50 544474693
10 17 610136048
42 18 813950505
28 9 424437032
52 1 785784525
47 72 873179292
71 40 613379451
15 35 594330158
16 13 370442066
69 38 215555618
15 74 78117208
71 66 180039407
50 54 466376874
8 10 847271909
72 29 724652207
41 25 370881345
59 45 135098327
41 27 351949739
42 57 999243939
44 68 932393100
1 29 704998631
33 68 437383522
25 26 196305303
62 55 383113021
19 1 906633074
57 59 20587216
5 6 227407459
66 70 289777288
17 28 311597102
44 22 745231376
1 63 395588057
50 56 520640762
44 65 910982236
0 24 556072206
14 70 774141822
72 40 516618912
14 25 603273016
17 25 888002477
37 27 625255410
46 7 917509360
39 67 184735774
26 73 774067162
26 40 143829659
38 18 813462693
68 44 233524476
18 51 821082285
57 37 334205943
42 39 281566931
44 51 41589615
2 47 848757421
54 59 44358799
16 60 815423615
63 3 706182993
24 20 815250822
72 44 330803737
36 55 346170680
24 55 946518537
65 15 337615634
63 38 302600591
30 3 562176532
42 75 399396530
43 48 59667376
23 57 713333879
14 75 696467970
13 41 196934633
48 65 282094484
75 50 925797079
35 65 230099710
17 70 530376151
35 56 818633367
23 61 738813621
40 53 517764266
74 17 331802986
9 31 415492134
8 7 144155238
19 7 428637242
8 48 571249506
22 57 810560770
22 30 877020546
68 73 999051596
16 74 400944504
26 13 168906934
24 71 590467554
36 49 907620801
3 48 426421056
58 4 78749827
19 33 847961834
72 53 155318262
74 2 144000237
32 9 374367403
8 6 719364993
56 42 495532165
6 57 164961283
47 15 459119442
69 41 78263430
2 32 15149201
24 42 280658928
49 11 139132536
63 53 982600979
15 63 815975895
20 61 379061073
64 37 473143106
46 27 868248465
45 72 331743208
22 70 87037941
73 71 192928900
58 12 770038406
46 36 779782543
13 23 471751085
34 54 860460282
75 49 121947898
58 25 38534203
67 56 428904026
20 64 843055447
26 49 797658752
46 24 882330888
20 27 118396229
38 2 388837737
67 24 88488530
72 64 210329331
46 49 300194451
68 67 63473044
23 11 538757964
43 24 491785550
4 5 391225591
18 19 681101402
27 34 648508761
40 64 943588421
12 25 149983378
44 11 186262870
71 55 250360683
20 65 424944193
38 67 695931324
38 17 299548908
74 4 51247943
3 20 324309159
34 49 239486104
7 39 995865618
65 25 160020734
54 31 371304965
45 30 863435654
58 33 440001602
30 64 85727866
37 72 597656965
64 44 557098175
24 47 613336349
4 58 102349748
28 70 830117921
49 74 780317392
58 72 968655911
57 22 386525064
20 50 355174202
17 24 23051345
42 2 396985682
5 3 279088031
19 50 187475436
75 63 546211345
26 47 320644318
73 52 259176687
45 70 26512912
58 50 472554558
24 38 109484733
67 54 192573620
47 48 716703996
42 65 679467167
51 45 278503702
40 39 555105762
11 15 847392345
65 10 730088200
10 44 627442518
41 26 392044801
71 75 406077582
72 46 697643762
19 30 554787783
52 45 432807948
55 26 833584868
66 31 284991635
64 58 17859730
57 64 870142275
6 12 611065740
67 6 575641516
46 64 373956632
50 67 935261162
36 38 55497897
42 48 18549540
17 9 316051772
68 59 555846850
47 59 607598438
52 65 622314262
17 54 338481895
65 39 918440036
66 30 263734760
44 52 157410336
61 27 334700573
21 20 928343054
33 75 478721109
13 16 29450296
18 52 883592233
29 49 16731220
1 14 648032899
69 37 61186701
47 32 783183236
9 24 903242582
42 74 9150942
15 42 840696779
13 75 209315340
27 4 32768551
1 64 75917489
52 33 445508361
28 62 469087704
73 50 14945889
10 19 161641653
17 2 460781579
38 47 368200522
44 36 388196233
74 52 818358866
43 29 974461757
42 72 213325483
62 68 487311171
4 19 36497939
14 67 94236793
24 30 721304804
71 11 557757856
51 62 627852720
21 24 912252323
56 16 318520675
52 35 432776264
66 55 621038622
12 24 713875263
51 25 797855240
12 0 118246728
39 9 980986360
54 45 785972108
66 19 157558476
67 47 88612236
35 49 171261421
16 27 129325164
75 29 541965470
18 33 649602721
36 37 297305007
37 44 369060421
32 34 108613545
10 2 269974157
33 46 545565181
28 0 234557054
32 23 340123683
23 35 90595939
36 18 697507129
26 9 218398898
16 50 714009565
65 72 195014715
9 73 422589637
15 67 750580301
33 42 91746304
64 33 296245313
63 25 886932005
50 24 148792541
26 43 910248044
63 32 252717121
72 74 636903032
64 27 44650003
51 35 869023324
21 6 288231060
53 20 557976982
33 13 296221612
55 12 216111901
7 56 997001279
17 66 684522276
33 56 334313550
2 7 98185208
16 67 567135357
53 9 548478981
39 71 988606166
53 46 10123669
10 62 386159206
31 74 174822245
59 46 296769844
21 56 183634307
35 69 49215512
38 49 692051666
17 29 813724198
67 2 868666817
59 17 599827980
6 71 495080736
49 12 469416910
73 14 930456673
26 62 757281442
30 44 830202299
63 50 990887774
17 6 594294015
36 56 620079430
69 34 109890496
61 4 78965428
69 26 799673807
61 33 424580994
32 28 951475345
69 24 197392719
18 47 38347766
15 8 678134401
10 9 398517646
29 20 619531390
61 59 432887074
11 35 338399853
18 14 543004676
61 21 696409544
60 55 931549787
19 22 874631465
13 68 212761980
16 55 325913987
44 59 193997776
40 23 571081198
17 3 334944161
21 41 782322345
32 16 34458360
10 49 155143546
35 13 538953951
19 25 443146721
8 57 717860640
33 57 72623839
28 60 223223671
46 45 988458482
35 73 792111158
50 11 684150105
38 54 957925911
34 65 530304007
29 1 440786823
15 20 691107124
42 54 205688003
70 68 770674148
50 63 465272312
40 35 159839431
38 75 872549703
75 7 273009112
65 11 422136483
63 54 625950940
14 42 787418000
28 19 642800761
25 39 877620089
3 5 500356828
29 8 748010721
64 62 342994349
26 69 177309207
72 23 903260985
40 65 940898917
37 32 893932974
2 36 375899960
39 64 784359439
53 62 48545900
43 40 392543939
8 58 942580118
13 43 267323828
15 48 980484071
40 74 120376185
22 15 300327328
23 74 791877805
8 0 426085246
52 42 662258942
67 43 847561753
31 42 847786001
27 29 454757115
17 19 7160810
59 41 416638544
17 51 140306757
45 40 887591832
51 10 371142328
33 2 771891616
41 20 919616211
12 65 891256157
63 26 636890310
5 23 566009160
62 70 631284059
6 27 879132099
11 74 68662232
17 40 68326159
29 51 201907370
75 35 281904341
13 33 13518061
7 27 89933591
58 20 124458636
2 35 830408348
6 73 435397054
64 14 771297957
67 53 63124453
72 21 57706029
9 46 885314230
15 75 27546511
57 25 476820922
36 43 260855347
75 22 47446494
28 47 80949167
75 69 349377909
12 69 644003274
45 9 30540167
57 19 829072776
18 46 908778466
22 5 211491458
12 53 343912073
62 72 423619411
13 44 269709365
25 62 106540322
38 24 472140005
15 3 586384854
71 34 939806956
58 70 667981055
29 53 321316910
59 23 380698554
30 8 848331422
46 12 427562716
72 49 206611134
36 6 140531878
8 54 136678040
61 50 637595433
37 50 561815142
0 53 23495983
57 29 641132283
46 69 672390848
34 52 684888365
13 56 695753062
15 40 265418024
40 11 878164808
12 74 477122269
35 28 663465133
3 4 803982512
5 39 237770961
73 21 106086128
17 10 416315034
18 2 365043830
20 24 191720088
73 40 618815652
31 46 849142821
38 50 403347836
71 48 552973703
50 2 944791313
19 52 967527413
69 53 91655219
20 45 560972833
31 33 452380996
5 18 133438519
46 58 370393776
50 39 568445886
58 56 446936331
68 39 912757333
56 58 956087749
37 73 653346089
53 67 410303445
52 61 916709513
51 22 543099
17 36 287575711
30 20 767789133
22 37 389072919
44 66 747796437
9 22 382774400
46 39 937775075
32 70 39301669
24 53 9414953
56 27 65743397
36 17 360323380
66 17 77587703
70 73 96920788
75 72 372074036
15 73 654797582
19 47 847046771
58 3 789773117
69 40 761311974
16 61 243613154
35 44 818859843
50 23 538376373
28 35 245948995
26 39 138647492
16 29 394856222
40 18 851452556
53 75 89937921
13 34 15050693
9 26 306876530
50 75 140459858
26 53 638280163
29 65 453489590
4 54 812026636
43 38 790032621
48 0 531640256
16 69 799137832
44 60 736359867
34 62 479345344
70 33 383743389
5 61 791103911
74 61 124304718
71 0 138802687
38 44 612726767
18 7 703575249
37 24 338234515
13 46 966133334
25 61 181339428
49 5 990454188
67 62 353026031
65 33 485666522
47 14 994092325
54 74 442821366
6 68 82391464
7 28 823316835
47 58 814169864
5 51 882135048
49 19 642990588
74 21 18801761
4 16 719116041
26 37 738514676
68 63 678067364
28 44 259754077
75 58 283734784
72 66 737761374
52 22 796565765
66 22 779204377
75 8 132085620
64 8 46382449
14 63 414873515
30 22 -540018205
29 22 584801590
4 41 638754017
66 27 7184704
34 38 829090506
6 22 981859898
64 70 209757353
4 35 513161048
60 48 624305201
60 69 968325889
46 47 484000814
73 1 803971136
35 64 661434400
67 75 160155678
53 42 995290671
52 7 504136828
22 61 144989480
34 42 182918246
44 3 545430454
33 5 488672513
15 6 290573407
43 8 131644063
8 9 3846664
10 63 392175573
25 68 493288426
42 62 678042305
74 26 514144673
22 36 534784878
2 28 873147643
68 23 186109192
0 56 639378862
50 46 919653626
26 17 589030289
73 60 187257602
65 35 202122016
60 45 239490361
59 67 440964283
41 4 742769342
61 20 28807483
39 72 235830374
43 71 162289412
53 69 745913072
51 69 305223488
7 31 980117137
72 6 916911250
33 40 444420536
54 62 558559549
9 42 663226293
56 17 316204013
2 3 656466706
42 73 317670227
26 10 35518558
70 67 165254645
1 28 834359868
6 52 25652295
64 20 913119614
7 37 364427642
20 63 409849810
48 38 919190208
70 29 244200921
32 69 307030517
35 19 712396147
44 0 165189661
3 45 419558501
55 1 188888588
51 36 268482133
42 6 53367894
2 11 694344995
59 31 68429545
45 22 544309104
13 21 190853335
41 52 376822861
13 5 572730273
46 1 934324760
43 64 156258520
61 39 410100639
29 18 329218854
59 26 800056244
51 49 531915507
8 21 15886543
2 1 366381301
67 48 740379048
15 46 473993873
31 4 677275377
27 31 849413115
16 32 429691976
19 10 827764398
0 51 143196775
46 17 536015456
61 22 418037220
5 1 284787404
46 72 515530213
15 72 894395696
56 34 225300014
36 26 615509491
73 32 256443588
5 75 792177168
40 59 765239177
44 42 841433609
39 51 366045017
51 17 982985520
22 71 759983264
13 63 947783347
48 54 756010897
51 1 381121114
70 46 282133273
19 18 647766211
54 19 492637353
29 15 73127452
20 58 446352990
62 25 68606530
15 30 25941278
59 12 839178678
30 59 13481193
32 53 141265745
28 30 570354623
21 1 920526940
54 36 6760904
26 15 -476421386
49 6 96135457
71 65 913513581
49 16 181789733
71 14 750021237
61 63 65863569
30 31 835414040
38 70 120237226
24 13 34144962
11 73 203195170
31 40 361092991
67 64 752869928
72 1 86478247
44 5 799152181
44 71 586024881
2 37 552602993
68 36 490218440
69 75 456310467
64 66 634908108
11 36 922678740
49 60 473478526
31 27 754221845
15 54 387616098
2 14 137656147
51 71 60802422
48 64 746935033
45 41 452334573
16 31 706472152
52 60 654705179
30 36 730294701
8 39 89837998
62 71 51417046
42 24 503397654
0 18 280492398
58 17 487774152
5 7 864455999
49 4 522810270
49 23 584583455
4 23 267997068
54 42 186778088
32 2 278958540
65 75 174401532
14 29 884828568
48 27 208245274
57 31 29794446
49 24 999717233
31 30 997287252
7 65 556521203
14 41 569891721
12 42 550081616
10 34 915120846
26 44 820611222
67 68 775019548
18 61 717347482
38 36 90007842
37 69 908913464
61 35 29173623
70 28 528017594
66 1 676903125
33 49 101899565
30 75 602579410
18 31 -530388130
42 70 953708182
51 38 686310647
7 21 739597425
34 50 226537047
2 26 853973155
66 50 256958031
12 43 954143763
4 30 464926101
29 45 767223562
34 10 290159952
39 18 255010242
63 27 169250864
4 27 726479921
7 46 357331614
39 7 515467478
57 30 39007158
21 40 505742491
0 50 915023090
27 35 835294334
44 16 295029676
17 18 518805708
36 57 370057785
29 24 688012105
73 72 411178631
41 38 828273959
0 19 231587596
46 43 404546813
9 34 935108066
67 74 520939652
29 57 950325088
64 42 327332780
66 13 263025699
25 3 675144455
67 11 322867795
63 19 241163651
63 33 797985251
68 50 998370784
52 41 558177311
3 64 317646599
27 25 784040328
38 34 316709552
47 56 140636758
21 23 567667692
9 1 33813161
0 39 656793932
50 59 764976157
27 70 220090738
71 51 603413814
53 5 597516441
3 62 986320853
48 6 63852153
41 57 946715619
62 49 455472956
44 31 459336778
1 38 535503285
31 38 179986461
52 51 277015117
48 23 769224897
4 11 83132919
55 28 717747845
14 34 579561502
3 32 53480177
22 24 70953635
58 71 276934439
58 65 356264074
0 41 357871477
51 56 777376095
59 65 500796238
50 60 361646533
51 20 568547067
34 64 68187144
17 12 365029540
37 3 350758446
2 38 264735546
45 37 412511835
75 71 77876554
32 27 77387628
28 73 409360518
71 9 784329910
0 30 741265728
13 29 324777936
62 33 505347185
18 13 790351802
20 34 7171803
58 74 437599691
42 1 604463931
30 0 39497373
75 5 66871040
33 17 346166112
49 47 154267388
50 62 293628786
35 27 568397439
30 51 741654622
13 59 135057175
70 22 249462724
37 20 63435764
49 17 323840955
73 0 622420903
16 28 301617595
30 62 932868115
21 63 60811029
43 61 953733445
50 47 420184840
61 40 47528135
54 48 845796301
9 61 645074709
42 67 646539079
48 62 921997230
42 32 21136744
23 17 127996933
51 32 912611239
66 33 463768625
5 34 787197257
6 43 529493472
66 71 308324789
52 49 292771668
28 16 616972850
16 8 362301875
25 63 289557511
11 3 394236065
34 6 458125862
4 32 302037656
9 64 889786774
14 20 358915941
55 40 282297055
50 69 637356712
39 48 967252223
40 12 132506611
64 53 689347039
53 61 721015083
0 68 365571155
55 39 405911245
4 0 814414
20 21 750771964
60 66 47452543
35 17 649255806
4 56 591331829
70 7 698267232
3 75 304473959
27 58 973275932
33 30 642373045
8 40 499348802
71 32 277041631
28 33 732287040
20 52 332346207
39 3 54735414
66 69 970341712
68 12 256819959
56 36 458966221
44 10 541098332
61 73 32742950
36 28 158074713
31 75 185035196
52 63 449943349
31 63 645441574
11 70 249152058
29 23 431974790
40 27 928352083
43 0 71247888
0 71 489118947
31 43 114291967
0 60 79186039
41 68 45639675
50 37 78144302
5 52 936153215
7 61 744727127
70 71 99687512
49 65 399666121
46 56 504082374
22 68 658636958
32 52 60436919
30 15 890802114
47 53 845687118
37 67 178699330
4 20 125870475
25 12 601805048
21 15 543517911
16 4 52098552
72 51 366285792
49 71 871618097
71 16 633048346
21 44 833413601
60 65 380136747
4 43 649949743
14 53 110758032
68 62 997006156
42 34 370458482
34 61 93822809
65 40 355811712
56 15 733842687
20 53 208116357
43 5 157861615
5 74 701781402
50 27 945969261
58 61 3106854
58 18 794412210
46 21 887053455
63 20 296606952
46 11 622799392
38 63 541384617
74 57 318816729
8 5 509923472
14 24 280123463
24 61 571229417
27 30 7399624
55 69 660535011
70 11 96244398
44 57 993253510
56 4 496531992
38 56 182888711
16 72 847879993
13 64 990869195
15 59 387473023
38 69 493338021
48 29 221357011
31 58 365231707
13 60 168081630
67 31 299915829
52 31 238252329
7 57 482201098
37 34 19722034
34 18 900883479
55 10 681160535
32 10 26078238
15 12 203646516
7 70 659939810
75 64 742910358
66 11 473873231
67 9 51759568
31 26 191045677
56 12 972745565
0 74 662614220
51 5 848458595
74 36 860572518
21 13 574427087
11 67 359418419
41 2 101635057
74 15 220959618
29 10 618602961
48 7 261904053
18 43 933584557
32 59 241276378
60 26 162654367
36 25 577935877
23 8 910096653
49 37 974905315
59 11 3872269
7 16 502448640
28 29 490983160
61 24 655589385
59 24 798403993
72 36 754127973
12 28 544113571
15 62 250462536
3 18 760524707
66 59 290094008
10 24 160754788
38 60 209226850
16 65 445619088
35 66 647987893
19 37 342165336
37 52 1671245
18 74 336972616
14 1 219955761
44 73 552645107
27 53 382943063
20 19 693121793
22 28 815923257
54 16 174016723
71 54 423689266
65 44 598749978
28 50 822393609
32 54 165703277
1 9 21322484
9 65 409585289
35 72 669870880
65 31 532604608
56 62 523146111
3 58 126228823
25 72 288468482
49 69 656273249
42 11 182494401
7 18 647288678
66 10 35757940
73 24 77328296
31 47 224394032
19 63 344181721
37 11 14063506
30 57 800638296
61 5 70325368
29 36 936337847
41 50 338985487
25 75 222876695
43 17 398489897
74 48 868063948
64 59 515316687
55 36 660402343
1 2 657625043
64 60 877592767
60 51 977914996
5 53 975004148
18 24 707432859
4 7 439599767
55 52 279135273
57 8 55205495
71 50 552958118
28 37 668129642
16 38 236245114
42 56 877769167
28 59 12575395
11 64 973755977
59 75 737944669
60 15 617416483
21 7 113097801
35 46 452142337
73 58 227796525
15 5 3898933
47 51 205367117
70 57 699398033
12 16 367106630
42 69 642713835
29 39 303343092
55 2 814895388
3 19 550955274
2 6 526311160
28 27 394766195
41 64 943832616
37 12 489403546
41 28 222832395
2 61 849103073
4 44 723140213
61 26 695635909
40 44 215969299
29 74 807392587
23 19 962080933
74 53 473796286
16 10 942739132
31 34 599341659
74 25 144714858
52 20 323554828
6 46 683501012
4 69 158432036
20 75 449384974
54 70 304749593
15 44 243231561
24 14 46580190
36 32 63407732
0 14 768042519
20 25 112755518
9 11 620976179
21 50 311810600
71 6 470334551
14 36 885828362
0 62 418461641
48 34 566963921
33 23 432849986
13 71 835636958
67 30 972597532
29 13 873064427
38 7 551392208
24 3 705051344
60 33 490316771
53 68 872324428
1 5 559825741
11 27 762513370
12 46 874112445
16 36 944246243
53 12 177042383
36 72 53258879
52 66 286164762
71 7 409785311
50 25 725212362
68 46 20176458
67 35 561582291
23 16 994972939
46 28 690132588
10 57 360202981
12 4 779789942
62 44 193678904
54 33 730426517
1 46 649767380
28 1 601090693
66 75 502950143
43 19 509325733
9 6 554916529
65 45 630652133
29 55 716685934
62 32 923541501
49 63 674748261
73 62 355745882
13 36 909844902
3 56 340292091
39 5 907520152
23 50 440887471
27 64 115709143
25 54 832371435
63 45 591797191
51 28 219675329
20 69 53509034
34 31 203762008
16 17 926521430
62 45 265906235
73 44 997284035
27 32 14481610
46 51 350371394
45 15 111879209
74 72 795190439
31 1 320749033
46 67 796175390
22 62 446302033
17 23 71563029
32 71 588973997
21 9 811589868
58 6 590459527
14 65 761060357
62 29 614317285
14 57 816058980
56 13 814867811
75 62 350987312
3 36 741874179
44 1 699850572
12 48 421098942
22 45 266438423
64 1 63718045
9 14 454911712
42 71 785234372
75 37 925437884
64 57 314254680
23 3 420443866
18 4 466707800
5 16 926152713
30 73 647064909
68 10 811362623
37 45 834342505
49 75 473776198
39 25 341904335
17 56 935189111
2 19 615622157
30 5 624289017
10 69 19839078
49 26 464884468
24 44 368558973
50 19 497781383
27 51 959091320
43 49 30112319
39 2 621602585
52 13 67195203
41 24 641307326
10 21 95428105
64 49 637589598
50 21 797233308
52 23 987923168
73 3 555859650
22 60 677586841
2 53 101325564
5 22 765330440
12 19 844140348
63 46 258736038
46 32 621464797
45 8 722924666
58 40 107452856
57 23 538727564
13 28 491266218
71 37 528144021
5 73 452955885
54 37 124491320
69 27 900095593
36 8 572142908
3 65 496064614
74 14 333481382
42 23 11641157
69 58 221001325
57 15 967850940
60 8 896732077
12 70 951353286
28 75 978163438
47 0 243356652
57 75 33301623
65 70 640910752
67 58 16203710
42 41 772953114
74 44 694899233
31 53 698816308
37 39 145415308
29 30 807533476
28 26 862189319
69 61 685312992
28 66 922146225
9 5 910199049
56 22 362031359
45 2 174642968
67 44 826402194
33 18 411750408
17 55 796555800
68 24 430559084
28 71 95332311
15 0 202847668
51 13 479182608
20 49 430667595
46 41 303649648
74 38 317619583
70 10 905900389
23 5 345004983
54 0 778840441
66 21 253646738
68 31 685851178
12 62 867883154
37 16 454255572
28 5 678385930
18 6 377347529
27 5 580901897
38 64 656202776
68 54 238791556
46 60 162507822
40 55 211956065
4 62 754922424
64 65 545531142
47 27 489683582
63 8 104284360
43 68 710204137
67 57 416553557
31 13 567560929
41 8 107007820
1 47 741668091
63 36 740669337
24 34 543537259
65 19 29985595
41 55 738207155
4 57 391516155
45 16 561409850
23 45 475843856
64 26 788483142
34 33 740983102
13 52 277889421
51 73 712788548
22 40 802733098
30 54 317921657
42 27 863271395
20 60 588844827
44 53 895642627
11 48 534184029
72 50 145978213
70 20 554046110
13 7 688592121
12 5 38461730
63 10 780107623
70 14 234410567
39 10 824237903
14 46 647328702
58 8 764059360
12 39 -240232680
59 48 505820888
0 65 411973598
20 23 818389586
45 60 29095070
22 12 530648699
11 31 17520706
28 14 373588819
18 27 314078252
5 55 170719774
5 63 121489973
43 1 834649946
35 24 229957972
22 42 675103485
3 73 249486374
55 18 18242702
21 19 896958114
33 38 605185289
5 62 172735191
35 2 713880092
29 40 615670224
28 46 692714648
6 50 28845716
8 37 534959729
56 68 929714920
26 18 750881219
52 19 851181521
69 68 310043736
7 42 211598743
29 0 681611153
20 12 515600219
75 57 513050888
36 41 669708903
4 3 644009799
14 9 229914248
59 7 65666039
50 33 144165832
73 68 813625032
40 38 327713469
1 26 607248750
19 38 354824677
15 17 96036774
58 9 435680911
53 32 619971267
44 40 718071777
63 21 371686376
34 23 226867727
58 53 659202825
60 73 235680069
43 30 987235663
41 33 876486636
30 34 875565648
33 10 579263292
6 44 167685425
69 48 79201194
36 60 90063324
72 33 299664739
68 58 64506576
60 13 291360673
16 44 -545692748
18 39 150872137
25 18 538225832
26 45 494965959
7 8 413883236
5 20 712928709
14 71 703438307
10 58 303374128
50 14 788621532
5 48 832680153
10 25 791066088
67 72 368932114
66 58 522447901
8 23 475490106
56 63 431683325
69 62 920970340
57 46 663189407
17 20 501243213
1 12 921151973
6 21 112589391
7 11 479954845
38 41 547759574
34 58 739194586
13 17 660461691
27 11 419292485
70 5 832183679
26 20 4383452
15 61 6416531
38 26 52252660
18 59 482567336
46 26 631445990
74 23 472764431
33 47 447586066
32 47 495341143
63 31 258647484
0 61 120005895
42 3 114359300
57 52 869677099
52 27 151460981
74 58 418121503
63 24 397463943
72 27 994767616
17 0 42677683
47 2 940509405
47 63 799265866
63 2 202066033
3 6 733102363
64 22 490200334
74 7 208570128
47 40 331226002
40 24 528735286
36 62 932071103
62 56 917361428
36 65 590944838
32 43 605942435
48 9 682648557
66 61 586431842
65 46 753754589
38 19 431723213
66 40 332128913
65 16 249804754
54 58 503149557
50 36 297495040
3 21 799874981
9 7 421396140
60 5 299053027
68 2 504602825
53 74 806159257
48 60 742437835
38 58 80274559
34 63 126849003
70 37 454998488
42 12 772343422
69 42 286146175
50 51 69226833
19 42 723717171
0 47 56771701
39 0 668823479
63 35 192860759
71 68 411526910
24 57 777835683
26 12 125707206
51 57 314865266
66 45 457654097
25 34 48649498
45 17 823472672
26 67 683827345
36 54 678738207
28 56 263783450
46 54 271756079
42 53 649258658
38 12 56185412
67 45 813350838
60 12 980252885
48 56 533764323
64 17 445458651
13 38 338127459
60 11 110412403
19 24 403722117
43 37 371560121
9 39 931342963
28 18 375940506
29 60 541298715
70 30 232433573
56 64 484092585
26 16 666169350
56 49 620479247
72 41 771237155
59 21 80972350
17 21 627928582
64 52 805294592
62 46 365544923
53 13 940060894
37 14 393671474
9 68 419846344
0 33 277769335
65 51 405364980
72 26 927658745
5 41 613144031
66 38 1085568
4 9 920321219
60 19 895894827
48 52 276583551
74 5 208341499
68 29 984712148
4 50 298154874
63 65 607830244
63 64 439564621
72 37 178476740
16 24 715612015
1 23 134431250
74 75 704071111
27 28 418405060
6 33 284870425
38 53 498920856
11 46 868276974
30 43 36127726
47 41 466378141
62 13 404374917
23 2 646115971
23 55 464946235
35 26 565608973
52 25 997954516
38 22 67959644
28 54 225538523
59 36 952985360
6 66 958242234
15 25 373363878
57 21 324304340
64 40 814090747
43 55 960831156
35 47 267271041
