36 1137 13 17 22
33 21 586851307
33 13 687083097
22 13 625520121
9 27 260876505
20 23 353701286
29 25 792449652
10 22 308807880
6 32 449624852
14 6 179228885
16 2 540936353
34 26 398120016
23 16 76823936
14 32 -179574006
5 29 250463073
35 14 161810203
20 4 407605713
15 5 997481189
14 35 680943641
14 8 149590595
13 28 121175018
17 14 169329042
23 33 596207765
22 20 921958222
20 29 2309263
25 17 920265198
23 6 433141354
21 33 721636838
24 8 10994326
2 6 486531882
0 14 549464673
19 10 604530815
9 16 651566959
33 7 427432492
11 10 804382897
29 32 731783476
34 17 920361880
19 33 287735212
3 4 754129786
27 32 854206094
31 28 832540551
11 8 601786238
26 16 579713337
2 4 834400801
3 23 862139997
17 26 268411291
16 24 33371408
32 31 24506649
18 16 138643329
17 29 586292021
22 6 869731805
18 21 496597782
13 15 535624071
3 1 629224217
35 1 102416545
22 27 600763863
24 29 195406723
23 2 513775363
35 25 910173966
33 35 109898592
35 19 647530199
29 3 213921887
9 0 887086805
23 22 53161190
29 13 688539524
29 14 184424353
15 2 444044211
11 26 950813993
1 22 444762530
6 17 552900204
19 0 790394426
26 2 823634838
31 25 663577230
35 34 663121801
19 24 340473900
5 14 735769834
5 27 977682964
35 6 444469281
3 7 662676994
10 15 110148614
26 28 125840797
9 18 16340442
35 0 648736734
23 25 253363215
13 31 56347515
0 4 295520629
16 0 504045265
32 33 54748365
15 25 111419670
32 8 427717062
32 1 859361604
18 9 30887656
3 25 904604445
15 20 662481116
26 23 885431149
7 10 254562824
14 25 28101534
6 20 221251686
8 21 151596895
34 21 596271210
24 33 584676758
1 10 245933287
3 19 48188322
24 4 767116067
2 8 297980697
29 0 5691729
28 23 543867382
32 6 202833782
18 24 20504576
16 34 766616259
21 35 671370523
21 19 475412287
26 20 869798609
26 3 650820209
24 10 606087309
28 35 60103586
30 18 629872236
12 17 722094825
5 21 988890870
32 24 76929438
4 13 292117076
4 17 830241678
26 32 521738335
33 22 984254881
22 11 726700826
10 13 602715051
25 10 475772540
8 2 470448777
3 6 870326934
25 9 924310372
14 11 321157226
17 8 135666545
22 26 530285583
9 19 841398120
15 23 468725568
31 26 181870304
0 7 698547271
11 34 67166096
0 23 727848392
0 8 55353144
3 10 470897642
14 26 167715348
13 33 772948574
5 9 642181173
10 26 363621372
12 22 69389321
25 16 135930592
34 28 491107492
30 19 396662461
3 11 552655091
22 15 603276842
23 21 804891647
29 34 406001796
20 11 509163782
33 1 -664749337
29 10 249771468
14 9 71565757
10 33 942443400
11 20 918766253
31 35 849959223
8 5 349213783
21 3 990710035
4 12 931740466
30 6 245277615
26 27 137479720
8 24 898340894
13 35 716252206
1 27 301525693
34 27 100390772
23 35 518557575
4 14 752281009
1 35 979511120
18 23 41221228
3 12 327515089
22 18 783490770
22 3 674758149
33 3 358923593
15 24 884287322
10 24 633580765
21 31 248222976
6 31 19002805
35 32 728003073
18 22 88000628
20 14 755449391
33 9 501516864
18 6 494503689
27 25 110846504
28 16 780549990
6 1 845457566
14 20 586755968
11 24 940383203
31 19 659961890
0 10 465093630
4 32 177297544
18 25 674278822
19 30 223995254
16 13 986040992
3 8 882345538
6 35 776526236
13 8 562777901
34 9 420365604
2 10 725231837
20 7 708737063
21 22 139763310
18 35 693651789
17 24 704266577
30 4 488189990
4 8 859527736
22 7 661855371
0 5 814249139
6 33 689002477
2 26 512764540
0 26 420955967
27 3 307810059
22 23 509598774
15 11 653981839
28 5 643390756
12 8 686313399
7 4 520455901
14 23 991631866
1 15 305627962
12 6 343093891
14 21 545040902
19 22 81852034
31 33 715242630
34 33 551511373
31 4 939522647
26 5 110392056
14 33 151629392
30 0 723865116
24 5 73311725
31 29 649028418
32 35 744121026
31 21 206591307
35 31 854776063
26 31 632098277
29 33 769663244
28 6 349618946
24 34 747021731
28 25 598299171
12 13 161418474
5 15 436381110
25 21 163098115
21 7 451514291
9 22 350649869
7 34 856525250
28 9 737626671
7 29 577362233
13 27 787207626
14 18 908850021
12 27 342059611
17 6 700620740
26 10 408856191
11 27 693235345
20 21 726881722
28 20 853142476
16 23 162105524
2 13 259436222
0 30 127344072
4 16 771349805
15 30 784024925
1 8 732834359
6 23 475521967
28 3 369774679
11 1 656646621
0 22 105413202
19 32 -801180039
24 9 4448197
6 13 874457264
27 6 793186882
23 11 672398636
6 7 921917309
12 11 281054219
21 2 716275524
21 24 333919241
8 4 949607994
26 7 776746991
17 3 368393571
13 11 32275605
25 8 432392300
22 1 92958861
28 18 493867618
23 24 554943788
23 15 435177193
11 22 852338046
10 19 79934075
15 34 858806266
7 15 634231825
26 0 946767126
7 21 14005894
13 16 649186911
1 26 366424399
32 29 998003256
9 8 45417590
29 4 264977219
34 5 707959614
14 1 916877405
3 35 273510342
23 28 163190982
25 30 98814642
12 18 442889592
1 11 210931144
25 0 14694891
10 29 237492485
27 17 755921969
11 6 29981107
2 18 965367090
34 35 154236826
17 25 311863100
31 11 441229761
23 32 674788036
20 17 507603566
30 28 540851521
10 18 41349088
34 14 251395158
5 16 984495239
0 16 316013516
8 1 713437249
16 18 9268119
27 15 3552241
14 12 576035413
33 26 559997024
9 33 671415584
25 35 826469566
6 16 31603254
9 4 657445427
30 34 28687922
5 12 707219197
7 32 863665539
4 2 205686840
11 4 579528174
1 14 295576431
10 34 363058949
34 31 115719654
5 30 978887053
11 21 176982813
26 33 558348073
33 27 150601284
6 19 656199472
25 2 700897919
27 33 909661720
8 34 703410832
14 0 949789914
16 21 504515852
0 19 842722885
21 28 771115627
13 24 922055565
20 1 149930707
31 23 824992155
3 15 347424177
35 7 53534598
34 10 877265464
16 26 266959432
29 1 467262815
24 18 472427856
26 15 430412290
27 13 762529601
2 28 398344588
1 7 661649534
5 31 966369726
8 0 838674716
25 26 -813666243
9 12 63509857
20 31 535239722
17 22 383737782
18 28 73480599
33 2 107513346
6 27 864734622
0 31 181377979
26 14 318139804
25 22 595747073
6 30 650411256
32 20 289142651
2 7 108567959
23 13 584426142
24 28 49070957
13 12 64478900
3 26 693515402
2 24 571372798
4 5 65288683
21 6 848207416
12 19 391541145
7 12 640287366
1 23 131910373
16 17 244500659
15 33 68246226
16 4 560747275
30 35 287583303
5 0 492731147
26 25 120733963
18 3 504468327
2 23 250545891
16 19 455064502
8 30 804676155
30 27 12182634
16 1 258511454
7 24 622225142
6 8 353391255
18 14 962577128
1 31 642493742
32 22 132874468
28 15 898028833
1 0 208606289
2 30 522868975
31 1 396106597
20 6 527670627
14 31 944376226
7 25 998646872
1 18 654441048
7 28 -267123584
30 1 208140048
24 27 840118186
16 8 217159366
27 12 504369329
33 19 918358219
4 15 292606294
26 12 107825969
29 17 878732452
35 21 278854561
5 34 284382210
17 27 757481569
21 0 575051457
5 8 676105131
20 5 195625768
12 4 424728693
30 23 911064902
28 22 395303973
12 0 575652744
8 20 486009725
19 18 783842004
11 25 633410821
28 8 834932472
20 26 669545717
2 34 663067297
12 24 778996139
15 17 51534444
23 10 237662797
22 9 665587222
2 3 613791467
32 23 564001068
22 33 475211739
3 5 707200337
4 20 964698492
8 12 304581900
34 2 10419369
27 10 397258247
27 0 318426076
7 1 712931408
4 30 613308425
25 1 660680486
8 11 830393669
13 30 71204216
30 7 593498313
25 32 583280903
2 29 369214966
29 22 69333051
32 17 223422715
1 33 -589215596
20 19 929169642
27 28 327244320
30 32 401281776
1 24 371372449
21 17 973567919
7 33 496689747
6 18 291649028
5 33 826786069
34 30 13900168
30 11 587357778
2 27 312255106
7 3 220385639
26 24 946566583
4 9 767564870
11 18 454327655
25 24 403848307
15 7 263026336
18 27 794011131
26 13 775523428
18 12 420940504
12 9 751734044
28 27 658388226
0 12 139184887
14 4 250514567
32 27 27605570
8 22 584118622
26 22 187864929
35 24 63348628
27 4 786297921
15 31 42023188
25 23 395681543
19 35 622719451
33 24 308459601
11 16 464537830
2 15 867683831
19 27 926478248
0 35 108377931
8 23 881239834
8 27 581628975
15 18 835262545
3 28 385667688
35 5 589887916
24 6 700524949
17 33 835995365
19 9 77240219
31 27 402140565
35 20 712907862
16 31 12866965
13 9 694193331
9 31 290837824
26 21 966637272
9 21 841838599
0 27 744968360
4 6 517685365
29 23 782017936
21 4 833429453
33 11 541357035
16 33 228553270
11 2 332725963
30 9 287750649
28 10 76757936
24 3 508585569
23 14 366987426
30 5 864328029
11 28 864218871
18 11 324544915
10 25 389063513
10 11 279352670
9 32 341421995
4 29 347362175
34 18 499502148
14 24 286081562
7 16 866727603
19 15 860432540
14 7 582964951
32 10 329515346
35 23 113268195
20 27 235271768
20 28 848798415
1 13 961211947
6 21 768554837
11 3 194150003
25 4 921082352
32 21 132273832
16 5 227690564
19 29 960443802
10 16 721592756
1 30 466854174
28 11 996438021
16 28 209442997
34 20 353061711
3 0 710830893
21 11 762635058
8 9 622171995
34 11 261909542
1 20 58969730
27 31 828410274
22 5 427750115
0 11 637889694
20 22 151486056
25 3 691656572
18 8 517578837
29 12 825819008
16 12 265809942
3 24 636002684
7 13 768287112
0 18 340262896
30 8 135236760
15 8 689227242
7 5 143445682
21 34 884055642
19 2 949364431
7 18 743815918
5 7 643607865
13 1 107376275
5 2 616059156
33 17 321399456
18 29 237146331
11 35 589103380
8 3 222888547
17 2 587290904
21 14 585090101
29 30 657644249
31 15 252712640
35 9 670408864
10 12 806764156
5 4 242830792
0 20 643160316
26 1 588878968
8 28 420948372
28 34 335745506
24 14 731332640
10 27 151282097
12 30 810639478
35 28 787362487
3 21 860447827
24 21 112829481
30 31 21969963
29 19 539068732
8 19 300139519
19 6 275497070
35 8 289437313
18 32 743744779
3 16 334408608
10 23 533408101
35 29 981879236
8 33 811920243
29 16 501752779
15 29 499582531
27 23 230033060
24 23 25833273
2 5 210521748
13 21 14552625
33 32 911271555
19 11 438108355
3 20 278205911
8 35 680462982
15 35 521863840
31 2 664551529
5 13 836463959
2 20 412326681
2 35 570943620
0 34 487795432
19 1 508724437
8 13 344042885
11 0 99025282
4 31 518088273
5 18 965006836
27 2 434619544
1 16 755452555
13 2 700223506
5 6 822617991
7 2 444628747
13 4 621208014
34 4 980369758
24 26 120887822
3 9 162052329
20 0 136789349
30 24 653272508
21 9 543586682
13 22 546359506
5 26 556605720
8 31 705213358
5 22 134554446
23 29 15490826
3 30 738561572
18 30 766857253
26 8 399860165
0 17 504826389
10 8 102187778
13 14 447860937
26 9 692134736
34 1 332771788
23 18 700576174
10 0 75836041
4 22 597076386
13 18 863317339
28 21 656272462
22 29 367414711
4 7 914786210
4 35 626640170
18 2 70308579
12 33 977772441
16 7 475395710
14 16 402902685
15 28 901513575
6 10 170613186
29 7 866267101
31 16 305921468
13 20 245779702
19 25 104072240
17 12 242549541
35 30 92257035
31 6 401018569
27 11 233995384
14 5 577478304
1 28 161320581
33 25 377599486
7 30 267410880
29 31 349628082
15 22 438137463
6 4 82460512
15 10 654698374
35 26 372438635
3 34 849118213
21 1 812753689
1 12 468275490
32 4 98202837
3 13 267650208
13 19 111873546
29 35 248310360
12 14 982167852
2 0 556206228
30 25 719242548
4 3 445888683
27 1 395961238
32 0 679272711
19 13 421837197
21 27 45701404
16 27 747744276
11 9 97450804
34 24 897257814
6 14 463002303
32 26 817520884
34 29 125843449
0 15 334635153
35 15 485473883
19 31 835783425
18 5 642957292
13 17 635690406
7 35 26160546
5 32 295826748
6 29 795869341
21 32 312645015
33 16 147112443
4 19 836118999
16 35 437220381
30 3 134928284
11 17 -276407305
17 15 606120567
7 6 274041019
16 3 831435278
1 3 912447362
13 10 223239283
12 25 787334862
7 0 673087278
33 20 385328442
9 3 926666634
20 35 254550662
29 18 730729700
19 34 327512812
31 22 726386604
29 26 597374376
6 9 876376793
19 20 53586285
4 11 592056255
23 12 26596253
24 22 988036917
9 11 388796630
12 32 650715944
1 9 220712684
10 32 909926378
11 13 76303052
27 29 247176149
17 13 388609026
26 19 243650322
22 32 741910521
31 8 552926101
3 27 986009148
15 13 952123543
2 17 447074487
14 3 129424267
13 34 588171082
19 21 786801563
17 9 162397695
25 27 297559242
27 34 682675049
28 26 163690381
28 12 788941984
34 8 453031511
14 19 886106818
30 14 494783351
25 29 492455267
33 10 845863032
17 35 462814708
6 11 369406427
21 13 866442855
22 2 409309020
27 19 364983771
11 30 860036315
15 6 397719525
6 28 24317690
23 19 378385091
22 14 172291092
27 30 990899555
31 34 138985896
9 13 621682395
10 21 311173842
32 14 497958804
21 30 982132807
23 7 582839330
33 30 790835676
18 17 782980797
29 11 295501473
0 24 8364808
3 14 940803679
21 16 996377734
19 3 681966516
25 11 562209390
30 15 119840845
32 16 456277402
6 34 801988723
35 18 806386637
2 1 425246089
13 26 206867723
18 0 29880558
14 30 716287104
27 9 875911333
9 29 530672273
20 10 815426209
33 4 507286461
15 14 736338579
11 15 97079554
4 23 653174272
34 25 60324641
23 30 685267774
22 8 590751605
20 2 233708112
4 34 685070017
4 1 288560914
30 33 937869852
1 17 271908199
3 33 150853304
33 23 20994706
34 0 219127595
28 13 430884006
24 1 13334645
28 2 338226544
8 7 316746342
30 21 894300598
20 18 166253263
29 8 674895951
7 9 152419564
23 34 936578090
11 7 939058865
33 29 435220028
16 10 63770407
35 4 478818225
12 5 541720435
22 19 738777141
27 16 763976719
28 19 357448299
32 18 968126803
20 3 799736100
29 20 648736249
34 19 986828419
21 8 997673460
25 14 939297373
16 11 -90334800
21 10 770328746
26 30 798506506
7 11 365271207
32 3 937910307
9 10 639364459
2 22 295006988
7 27 455048642
4 18 429811848
7 22 869295859
16 14 433679767
22 16 457355296
0 3 316419459
22 12 330449989
17 23 682158599
24 30 564144584
16 25 43782321
12 29 486258277
34 3 43613423
17 7 156131434
9 15 287170225
29 6 210939809
27 7 714169052
35 2 56145574
25 33 70344833
3 22 762897922
24 11 829793994
19 26 45572254
12 15 88592313
7 23 251690495
29 28 324757862
27 5 127475118
32 2 743653879
17 4 802894563
19 17 27129214
9 35 747612254
6 3 249402879
22 10 795696550
17 32 271321016
27 21 813126693
3 18 39895040
17 18 194099368
5 3 242042406
32 30 936356671
12 31 333050669
15 4 530693257
34 13 307712768
5 11 301009832
27 20 266410347
32 7 694231850
28 1 357955722
1 6 751664865
13 32 374176285
31 20 170811594
16 30 757413022
23 26 801721487
27 24 685104572
23 8 253653721
18 15 525413604
33 0 102730182
6 12 812761595
31 32 660289751
2 11 438310102
6 0 304362453
9 5 302713902
18 4 857831488
14 34 810952199
8 14 856240062
21 15 157233491
9 24 825746660
15 27 352605889
23 20 394570894
4 0 534504868
6 22 410417820
2 12 883084464
34 22 887166028
24 0 352337438
5 35 142529160
23 17 653104745
32 25 271579312
24 20 146540903
0 2 959916848
30 10 355617543
9 34 533008744
15 21 703495529
5 25 44814483
13 7 678946143
10 30 715230451
30 17 24108442
33 34 371517636
11 32 514173986
28 30 996549467
1 21 659811076
12 35 914437750
32 28 895121671
17 21 474073267
12 7 466619785
7 19 544671512
34 32 600342065
22 25 423342064
13 3 804760535
0 29 355049929
2 21 670451312
19 4 13183474
24 2 137551150
28 29 680445574
3 32 874962147
8 16 734308555
9 23 80933287
25 5 376334031
19 16 940381341
23 9 817481337
4 33 867753120
9 6 485724498
34 7 611687035
32 15 60830925
26 11 535324338
24 19 997078194
14 2 461879664
12 3 550415937
31 9 407843895
19 12 980195341
10 5 781396132
14 27 512339750
26 34 856240389
30 16 368045594
9 7 401485743
3 2 160884616
20 33 432475708
4 21 896391953
30 2 95567839
22 17 152926729
30 26 279322596
8 25 314290239
9 28 402194845
28 31 80441434
0 28 647186480
15 9 741409263
26 29 932313322
21 23 22210860
31 17 469910470
14 15 792267892
22 31 696291215
26 6 58284239
13 0 384937477
19 23 304685596
5 23 -186010355
9 1 216169244
5 20 124419672
23 31 447891787
19 14 493693513
12 1 389068176
29 24 395688283
29 2 323543207
27 14 432484010
33 14 400818897
25 19 260415178
13 25 376913707
12 20 276159256
22 4 343091360
14 10 241552798
5 10 553004609
10 9 986829620
6 24 664020667
17 28 129640397
23 4 643933455
7 26 950437645
10 4 617822870
11 5 349811344
33 28 667769886
18 19 890758884
9 30 445741249
23 0 566838978
14 13 814714649
15 16 67165454
27 8 218182225
19 7 344680398
28 4 823768863
26 17 114617346
17 11 666282324
2 32 -900213488
21 18 456708707
5 24 27168352
33 12 649532203
5 1 167527748
8 6 60081436
14 28 847922375
1 19 508294279
24 31 663668215
17 34 38618004
4 25 -480405503
29 5 640384789
26 18 31512348
21 26 5647900
18 20 257584471
32 13 856966353
10 6 833053704
11 33 551997151
18 1 945855841
8 17 71939483
19 5 690665483
1 5 428589281
9 14 853823418
31 0 159807873
12 34 579254548
9 17 293815070
13 6 950978201
20 13 483471737
30 12 572503742
14 22 759760620
31 10 106304274
18 13 334636907
24 35 386396621
8 29 636399071
1 34 936632414
16 15 186596205
25 13 466348791
4 24 -929375160
15 1 525778762
21 29 611328241
28 14 469439103
16 22 267528870
25 18 290849660
2 16 587134200
25 6 251637062
0 6 -184109831
11 31 159104733
21 25 29841766
21 5 268037689
32 12 806010292
27 22 911834398
31 14 393232806
30 29 733847768
16 29 145319687
33 6 951770323
10 17 978128289
26 35 470620875
26 4 654523599
10 3 244429599
25 31 309575086
32 11 635975346
19 28 922268498
22 35 502823823
5 19 716590805
25 34 902783513
8 26 731436635
8 32 276741448
16 6 126081885
20 15 334572059
0 25 105417124
0 33 194234783
24 16 267892205
10 2 946242028
35 13 547097213
10 31 271315648
35 33 929923681
10 28 414171424
22 28 750802812
23 27 724041189
10 14 330006282
15 32 384002660
27 18 602093926
17 0 192179366
17 10 8625315
30 13 428312874
13 23 997560399
1 4 678532456
16 9 201493813
17 20 521185956
30 22 44164314
27 35 907607855
35 3 764319504
25 15 540433910
11 29 273256653
35 10 812123866
17 19 395554585
34 15 772448885
16 32 140688014
22 24 918305063
15 0 703787418
7 17 12828750
7 14 464033686
28 7 421110761
24 7 615214867
24 32 145621544
34 6 667950083
31 13 20423613
35 11 675297770
23 1 552738456
22 30 289085538
18 31 613010040
29 9 892806989
3 29 16491430
14 17 237028055
12 21 14131024
7 31 613667783
30 20 832517725
2 9 260215249
13 29 164313579
15 3 934088978
18 10 74503324
20 16 687825336
