36 37 1 24 3
33 35 71298348
20 0 386631234
15 17 165737359
7 30 571445937
28 4 971768350
21 19 677164803
6 23 485022008
23 20 788072828
29 31 260392709
34 26 313509816
0 28 690255495
31 16 799585221
8 1 727970596
3 1 665939025
16 33 812644789
35 9 519990193
1 27 89864313
13 24 -144347640
19 3 301325841
32 15 526304629
8 32 444163885
5 34 52554508
30 29 119615498
10 12 848199748
17 13 192085175
9 14 448493875
11 10 438915246
18 11 917032296
25 22 68498511
2 25 778622745
12 6 946444956
14 21 910284498
13 7 318789005
24 8 142996372
26 18 952762512
4 2 96913309
27 5 393326752
