35 35 1 13 33
20 17 930659668
7 26 865157970
15 3 263532631
33 12 736856560
34 14 27405253
2 34 -331154482
32 11 612899539
25 1 444345365
31 8 871401862
19 9 614210406
16 23 615399226
5 6 901924048
21 31 10314092
11 5 796394539
29 22 311340619
9 15 143243653
27 28 241863214
1 4 614728163
28 18 743508975
8 0 895884836
12 30 235512840
14 27 436001313
23 21 696648377
24 16 886185330
18 33 215385782
22 8 690443209
13 24 780008974
22 32 642150145
30 29 950912338
0 25 364192007
10 19 153930464
3 20 30249808
17 2 102560845
4 7 601799293
26 10 938936885
