4 62 3 3 2
0 2 450492165
3 0 573528277
2 2 428825804
1 3 587912874
1 3 114533911
3 1 12701319
3 2 452215594
3 2 928014301
3 1 451118689
0 0 -479092720
3 1 397676433
3 1 100062296
0 2 470513567
2 0 390258721
0 0 651014190
3 1 721819074
3 3 432641659
1 3 489399229
3 1 401654511
2 3 809263366
2 2 773247687
0 1 346254447
3 3 160657621
2 2 978772604
1 3 613329639
1 1 87119835
2 2 459780638
3 2 520880253
3 3 442645230
1 3 156570182
2 0 238909719
3 2 729472791
0 0 435190625
3 2 385198263
3 3 833366634
0 2 779351063
3 3 396020768
3 2 897821834
3 2 628383972
3 3 883123127
3 1 -366250775
2 2 854667489
2 0 402101127
1 1 47350759
2 0 529784905
3 1 307615936
0 2 694808761
2 3 -326202768
2 0 907021679
1 2 815328715
2 0 636203163
2 3 871955614
3 1 487114111
0 0 849231365
3 1 179345281
3 3 996247279
2 0 757086959
3 3 678457756
3 1 617113032
0 2 484356340
3 2 174453945
2 3 237006217
