33 919 18 4 7
15 22 386131034
24 28 487064485
4 0 231769034
1 22 292855899
30 24 210056865
17 22 286074657
32 3 -749133173
25 5 158087352
1 24 413953533
9 11 466047894
19 28 904939808
20 25 753851473
17 19 11439292
32 20 718278693
15 5 641194176
11 18 305260276
7 4 203655487
2 15 298195414
21 18 558052749
3 26 416064755
1 4 776197603
18 22 69159875
6 16 399243941
7 6 565637364
28 20 138367322
6 7 842802065
3 21 623135565
32 17 341592880
13 30 28435185
7 13 270545606
10 18 881011580
28 9 82733153
32 4 5882079
27 1 944097401
22 5 160022980
20 3 63187826
29 9 372788819
19 1 117840968
4 6 890889799
26 28 619484878
17 22 269919797
3 20 902115909
16 18 474769277
16 26 911044710
25 21 932237217
10 31 -878856948
10 30 992058011
26 9 401941124
10 12 475146295
27 19 303841085
6 13 757117410
22 16 366685835
29 22 844270416
16 7 927338297
16 9 193490500
1 17 66858930
21 26 966012862
31 20 930902788
3 11 687970517
16 31 429635731
30 16 423224473
12 14 147309631
0 2 291449290
18 4 542073340
7 8 928606953
4 22 977182752
28 12 234120836
11 26 93831322
6 2 470144109
6 13 580868414
0 28 111053347
1 4 368808089
9 9 520574407
21 29 683964542
23 0 766937232
7 30 540094898
28 8 125192990
15 14 85567630
1 20 968056287
31 15 658922769
24 11 39119035
12 1 296748206
1 9 769707122
13 4 458772447
23 0 172084461
8 19 997074994
8 30 849219427
17 3 877890262
8 29 531972059
2 10 961333001
3 20 763208302
17 6 330491996
24 12 28352353
25 28 367086048
11 23 844892457
21 24 659105572
21 4 476346546
5 19 630200451
17 14 30588490
0 18 649911823
4 11 679496033
8 11 809519549
2 13 414120631
23 23 383120885
7 23 -519188290
28 17 681991562
12 7 961856288
16 4 205905608
5 1 968906463
28 27 237622524
24 17 283851904
7 0 233739317
19 2 712429141
7 0 687323315
29 4 342195600
23 26 743798503
9 10 768084754
30 15 259967138
25 24 605147935
13 19 736278022
15 6 147271962
17 7 557858299
19 18 214319338
21 16 643542813
20 27 263463707
23 24 659392210
30 29 478752272
30 3 422315069
2 23 237051309
32 31 405769223
1 14 8699581
5 11 908842559
8 0 412342908
20 13 780193019
16 15 808529723
9 0 466604006
15 18 175908529
29 32 508433985
24 24 6465408
6 17 444198743
8 23 173503955
8 11 111812746
14 2 426929300
13 18 17397594
10 2 746348038
24 13 423313650
6 22 953920033
17 12 259433179
29 18 887001588
4 12 726318908
27 32 290899636
19 12 106402668
14 26 592417872
20 28 562069397
18 0 34149530
4 29 41885826
6 29 539626272
17 15 202847977
8 28 291473204
10 16 358765135
5 0 679197556
15 4 507262470
8 0 -352046556
19 19 68991913
20 1 803436760
10 12 148328496
12 8 221425898
6 28 178611340
20 3 107984239
15 4 64179534
3 20 790645114
6 17 608679329
9 7 286832610
22 3 669853193
8 7 689208947
23 20 317406581
12 3 526936563
12 19 191477209
32 29 427247278
13 8 542668301
4 0 509000267
7 29 400283612
9 11 105617983
1 22 772345062
32 10 451910193
18 26 329515627
26 5 408917524
14 4 375348103
0 10 17073450
8 21 80029761
24 31 254881642
20 3 590150039
21 12 452182946
6 32 711124824
2 24 547499278
12 8 861242602
12 2 317928832
30 20 990121090
10 30 673334971
12 31 728059664
8 8 780172343
0 23 825548430
7 4 724463810
8 32 413021904
13 0 160375366
10 12 139535119
17 6 699882036
26 10 47004181
10 16 235579591
20 8 233540713
23 11 375067779
16 6 742349140
8 1 397688040
8 25 617771970
1 9 289624665
24 7 127532410
23 24 384227968
26 2 399208044
8 19 107591934
23 22 -278397790
27 9 995865002
15 12 480955983
8 24 527135651
29 29 712509018
17 5 263637837
7 3 400507209
11 24 44399396
15 19 92044567
23 12 123948607
31 5 159845141
13 18 391435056
0 23 280636283
2 3 584044589
22 1 707601980
12 24 969385394
11 13 279353688
5 11 341904162
23 18 672839227
6 12 129186905
25 26 565866052
17 16 935020880
19 25 443944076
23 10 721475942
5 23 237168097
18 1 882308942
14 14 876106767
17 31 162119073
29 29 200469654
29 22 357517351
16 19 667435995
18 16 858544618
30 17 105129981
9 27 160146693
18 20 873046433
32 30 719655857
26 10 743112143
3 11 348456544
23 2 365251721
18 18 892588139
21 12 128797438
12 19 555243624
24 23 461832734
15 7 127769540
0 10 20711884
30 23 -266979813
6 13 514706915
24 27 491535685
28 1 13431483
32 24 968437127
7 22 991356467
7 27 274211169
4 10 951169480
18 3 360567932
18 15 -829968180
5 14 217072606
10 22 36258011
26 7 514834730
9 24 587089773
13 21 577264538
0 32 383856442
32 27 982666433
17 8 125830837
24 19 264420476
2 19 671380925
30 16 385565576
4 17 214728731
27 5 578652419
12 4 943534277
6 15 156135442
27 26 34304262
8 11 735162812
21 6 250740204
12 27 149939614
18 7 43057771
12 6 549599788
0 22 248277636
32 13 271089789
28 23 386704319
1 28 165793964
19 15 688254385
23 1 52056565
25 2 429200230
21 32 994273721
21 5 152930960
10 15 587679782
23 20 172264146
32 24 729415699
18 18 -383339472
13 31 417917735
22 3 719956358
3 21 666702474
29 11 635875950
15 9 105273497
30 32 935229104
12 29 214354141
22 2 125262042
16 15 802466931
15 19 33648221
3 5 150852943
10 3 410459936
1 2 -431799198
5 28 389817881
20 18 840204890
2 16 308091136
22 27 221375821
17 20 623949721
1 30 529175360
10 20 75590873
14 21 388762837
25 27 971098731
1 5 421934797
26 19 845531999
26 32 256602599
12 22 967292706
16 1 261308200
17 11 178017629
5 29 457982478
6 21 458827920
26 5 657137747
31 10 817198383
20 11 881153853
16 8 936515559
0 5 407183388
8 4 979360861
32 7 824699875
1 5 898736201
5 16 703035078
20 3 659950065
10 12 391118022
6 3 963484997
13 1 897177979
15 30 723523245
23 12 860770106
31 13 837116603
13 18 481252253
25 28 35644105
16 19 647298489
0 1 63118299
30 9 595470172
27 22 909978044
17 30 442441530
8 23 631803818
23 14 830995443
19 14 619768375
32 17 474494534
16 32 987198457
9 31 929881643
19 25 395250573
4 31 861304721
1 9 11456445
8 8 140314589
23 11 228096019
26 13 606183284
15 21 452828721
0 20 664941047
23 20 445410146
7 12 718318298
13 3 115848668
4 8 651227867
14 3 186176373
4 1 709437296
22 10 33156404
22 19 15392807
1 18 331510092
32 5 391707330
30 31 929628437
13 21 450086505
1 10 471295885
9 6 574622399
14 10 706865559
24 14 846219534
3 1 695006810
12 26 80443558
17 29 282120922
7 1 428214723
11 21 467938567
10 5 -726353449
29 16 939016811
32 4 981432194
8 10 164592837
23 25 19591012
5 25 619138901
16 20 227264979
22 16 277355720
32 9 437525584
9 6 531318838
23 1 616567963
3 13 550148536
11 14 618763887
8 3 712575287
6 18 424301950
23 11 649700205
24 13 972754423
18 25 399498953
16 8 504089773
6 5 431404939
13 5 641081136
27 0 922499780
22 1 272349289
22 1 239606186
23 19 713691112
0 23 889835956
29 1 572556773
6 6 931775262
31 8 436397592
13 14 587650961
24 4 297593485
8 8 561204914
8 12 544892914
19 21 403870374
11 6 614594724
4 27 424622817
4 11 678252063
2 23 500156531
21 8 31455865
24 10 684058741
13 32 650726145
23 7 423283319
31 28 408958865
13 22 252423184
23 16 954657567
7 6 600310414
21 6 306021140
32 27 824168813
24 0 132872136
22 25 522243580
18 17 518085581
13 16 779860765
24 1 87770401
13 31 337029533
32 14 168210651
8 25 660372894
8 2 864124534
25 23 291084972
3 25 978896070
23 2 809979090
12 27 199432826
19 25 360276685
9 9 476279513
5 22 244812850
6 6 287252359
6 4 983470142
7 2 677633211
3 10 935307123
30 15 594459328
1 20 955694492
24 7 149669587
13 19 346214875
24 16 479618449
7 28 679055417
16 10 944043494
3 30 797186415
18 21 356410421
2 14 417678122
18 9 936162480
26 0 300966055
7 19 667366324
4 19 639577754
10 22 316517752
2 16 764571059
0 31 725608081
16 32 696379766
21 6 630595201
9 11 697992441
18 16 262019172
28 31 573508418
30 32 895107946
27 12 431477804
26 13 378126959
4 23 404895273
9 16 834077561
6 21 23111171
28 21 884999740
31 24 144036173
25 13 846601223
30 9 554767462
29 26 84124994
14 8 341282276
24 11 -742035021
32 25 93424709
24 27 874662117
16 14 449141599
32 2 27800975
2 31 186532488
7 20 346322292
29 31 903773863
29 15 551870298
1 17 954590536
24 3 284595620
19 25 301614711
3 15 188486903
28 10 28486821
7 26 646093458
8 22 922799054
3 12 674270446
1 15 46852031
2 20 878496657
28 20 681573541
27 13 995291951
18 20 48828228
7 30 62870380
17 10 51627489
23 31 353306874
30 22 963219935
32 25 445084926
5 26 827807459
23 14 229588594
25 25 641085247
26 12 142974280
9 20 983326285
20 0 908166399
14 31 538669596
9 15 610367127
13 26 817635360
21 6 847975828
19 8 794639186
2 16 446654737
11 30 129197750
24 32 627505536
10 9 667163938
29 2 347031602
3 32 405733130
8 10 354463511
26 30 592953623
14 27 668469392
30 10 851457656
23 18 394419112
13 8 253868089
17 17 451084395
28 28 562366786
25 20 -951915321
30 7 722996593
13 29 688601713
15 30 39611875
30 24 63246487
8 19 407962003
22 8 64159595
4 3 639141781
27 28 62817810
28 12 853938740
26 29 483573539
7 7 957494045
7 1 449669316
8 12 442962862
12 30 689351035
3 7 370460365
20 27 8538874
6 29 877561919
9 19 631264084
26 15 138664118
11 24 199239374
5 5 544470604
27 21 920832652
4 11 431731374
8 3 488760871
31 27 531136477
26 12 62811940
1 6 381450993
10 27 885526767
8 29 597419990
31 12 59327963
23 9 135045458
28 16 668393886
9 32 569333605
27 12 785004734
26 9 720829617
19 17 660461514
21 23 573942393
0 1 843843703
0 30 60862765
10 26 303895367
6 5 619848405
18 5 610515584
25 23 736603083
6 26 309718269
17 17 544995591
5 22 338256892
15 28 14063445
7 3 920346105
14 3 706834505
32 30 533558441
11 32 605821719
32 25 544245866
20 18 537711415
0 12 177378092
27 27 283598290
19 22 340193780
30 11 99663657
29 7 619037831
24 2 721147538
19 17 837095188
29 29 231360436
23 26 290553154
29 29 365947402
20 20 658112827
23 18 96175010
10 13 737278718
9 31 70845443
9 23 286444532
18 8 8763803
19 19 553131535
26 14 781575316
3 27 334691830
18 3 941466163
32 10 779787801
2 16 416336111
26 21 846515420
1 19 113825261
15 2 218609900
21 29 166451698
17 1 356212747
29 0 294519234
26 18 741012417
27 2 243280049
12 2 139831346
20 11 634464722
22 9 972268583
16 9 734041159
14 17 10711332
19 14 920017146
17 16 580738387
24 1 46551933
30 31 440055487
1 21 951687432
22 22 850015915
2 21 594252049
29 21 511056153
26 0 -197235219
27 19 924417587
0 31 326449051
21 1 563293118
7 26 616288467
31 14 950899249
15 32 632834701
22 2 -120548515
4 28 504208473
19 22 450186758
29 25 249745995
13 14 690297905
4 30 203091311
7 19 346456391
27 21 125176230
24 6 481523396
25 13 316679381
17 11 106449176
21 27 95543308
11 1 24730671
24 26 184728321
6 30 568217689
14 9 972655343
9 29 821148147
32 1 549273878
14 28 590773205
24 2 739925468
3 0 448280574
6 24 503598814
9 13 531721059
28 8 600798324
15 27 160225271
13 10 43049321
8 32 144056922
15 15 960533176
28 32 826020532
10 13 508014400
23 15 947577784
20 5 871629144
8 19 548964142
19 22 343392215
26 16 594036025
14 22 -781034102
25 31 897228555
15 32 163198140
5 28 854448094
25 27 732312045
13 5 131112062
29 19 569869687
9 28 123786271
25 3 580439500
0 10 520835682
17 31 49388771
8 3 179680281
25 13 880045882
22 26 998759487
29 9 452740930
8 2 811299374
9 27 77094730
27 8 312539046
7 12 174350970
25 3 100778484
22 28 674401201
27 26 612313097
30 23 -684524806
28 22 72544203
16 26 505116798
10 24 633151474
1 31 980677624
9 21 543308686
8 25 425700716
16 32 762386668
1 21 -900977905
26 15 864880587
26 13 286141080
29 16 966921431
6 30 520746951
3 18 72661747
20 15 231440326
15 17 896002855
22 12 286734319
7 19 41085887
13 21 564619421
13 26 13679737
7 29 82916357
5 2 215740428
27 11 78906661
20 22 376722442
5 3 888366392
29 22 910043050
22 26 841787843
1 26 43349586
8 11 373295969
15 4 984463206
26 9 732044559
7 17 82086525
7 31 27337275
21 27 -163273236
17 31 624323380
27 12 10298513
16 18 565186197
9 2 613514027
17 11 364407762
23 29 514701277
9 13 902275044
26 2 721173124
27 30 311361786
29 9 822371514
32 8 327731710
10 6 539382918
28 9 898554561
22 11 496849888
12 3 572280046
4 27 316680033
24 5 755778738
27 15 976942651
6 20 755455728
29 6 824428765
23 22 714276848
16 4 184211099
17 22 452031121
6 13 404824018
29 25 918601963
20 4 998504109
20 11 394070259
4 14 516691654
11 1 246483468
11 25 775475653
4 1 589073866
29 8 432867550
0 25 707623777
1 28 954264698
23 13 529637091
12 16 431565989
27 16 934910309
20 32 54443628
25 30 416262555
32 18 152370739
9 25 991909979
12 10 201268400
18 8 2618738
23 27 795140889
27 30 152175186
27 23 364232528
25 10 133072292
28 26 882691121
14 8 570428051
16 12 261595259
14 13 380105250
9 31 850707638
25 32 145687685
7 11 903719439
16 13 807079551
32 0 41609573
28 18 401915385
9 16 546962444
20 3 711327122
24 27 907402871
17 7 144624820
3 31 698905052
22 24 530557754
8 9 880463392
27 21 641486998
1 11 61176354
31 21 454425711
25 32 805327308
26 4 653912075
7 8 934263260
22 9 914321269
26 0 592102476
5 15 434489501
15 20 242252701
24 32 20882692
16 20 421840021
32 3 310122829
32 29 540315049
9 5 384381558
27 32 599203400
1 14 477261268
30 16 770826769
5 21 615134401
30 2 903076673
0 21 88592664
15 8 366913943
4 14 393247441
27 9 490148287
1 2 444873032
31 32 177170269
2 8 823103800
14 23 17905154
31 9 25096038
31 5 257548768
25 1 78108501
9 11 672528895
23 6 195418406
11 13 261044550
7 14 816973673
0 11 930752479
21 10 309928485
28 1 870229448
27 6 834276387
25 30 32369413
7 1 695685850
7 9 398534569
22 29 103060729
2 27 551106644
14 14 475561577
27 6 652631468
23 17 777897463
13 8 844302312
24 11 493166636
1 25 570251533
2 9 534757730
22 2 815190701
10 13 670912589
4 20 869520925
6 28 865694431
17 6 192728280
0 2 245237356
26 22 423406462
4 21 155998879
27 28 28069161
13 6 887500453
9 14 809473285
2 4 603485168
22 1 570188022
31 17 127907888
18 16 412215330
11 19 664108690
23 30 722797744
3 0 178457850
31 9 302303131
14 14 224070829
9 3 686121856
15 30 662236149
21 6 334599481
3 5 931195902
17 6 697220362
9 26 364519794
1 1 616539777
3 15 257305057
26 10 575070528
21 25 466557208
22 2 663559594
17 13 382198889
28 31 429164737
24 2 994506807
9 26 314846099
18 3 157880924
31 16 789026189
0 28 196799949
24 32 476566475
22 26 599009664
31 1 531385227
2 29 621855823
29 7 648301882
32 27 841045195
2 31 625661623
29 16 45331505
5 32 412300000
20 25 660744853
1 2 14088838
23 32 213076312
32 3 494669528
1 22 526132823
23 31 362801425
10 5 980257755
25 30 244368039
3 28 873060264
3 21 542682836
2 10 416883732
19 21 492091677
