37 112 3 30 35
16 9 4508388
4 23 54602554
3 21 614215701
9 32 339135349
9 25 465239720
16 36 786434431
34 31 535556079
29 8 528118549
32 31 645836745
7 15 824720397
18 34 500493103
18 16 851305210
0 3 395424628
30 27 610806398
4 28 331293109
21 25 485328584
8 15 42549197
2 13 169099250
18 4 652519275
25 2 459225590
13 5 52819129
11 18 302021679
3 11 591276135
32 24 706312878
29 31 -26474398
1 24 171589027
17 24 932784293
25 16 52082923
11 25 260873402
14 9 516349637
30 0 486890138
1 27 650973032
26 19 409422693
7 14 92689181
15 6 47630134
17 2 461254226
32 7 790021158
15 27 828513920
14 27 881567693
18 4 899090395
5 9 534223373
23 6 61792752
36 1 606152101
30 15 272396646
6 29 735306958
27 35 297156878
22 34 144822478
19 31 809012930
12 7 64375533
13 28 932012476
24 35 702392392
19 8 506851720
15 16 827230737
22 28 216401953
1 22 468388926
29 10 178436670
0 13 13688836
31 4 994701720
28 9 640538828
9 10 502270514
22 6 821616684
24 29 146403005
8 20 605809163
20 9 314828840
34 24 681936038
0 12 276865227
12 22 916918301
6 30 523904471
26 14 980207653
17 35 968370139
32 3 199571833
12 25 848361292
9 13 747394966
3 7 353777834
29 22 331701177
32 33 854390136
1 21 -502553294
12 33 185616263
10 10 195443056
10 32 979996182
24 12 -297624292
6 31 173652663
2 14 212610889
21 20 484018731
33 22 497982644
17 27 350096455
20 28 530961080
12 18 589708084
3 13 686458234
20 17 577988508
18 11 295101668
9 31 63417294
3 4 821273949
32 26 755006885
22 28 173960555
29 25 350269328
23 5 951934395
33 5 26808981
28 18 584058550
8 6 660253431
6 8 902606957
19 3 690032271
10 5 794196512
16 10 231639247
36 7 741408862
33 4 176995622
4 12 763385288
23 14 955856085
10 3 424579339
5 12 839321792
28 33 961027470
8 7 575354322
