21 116 4 2 18
12 7 210676303
6 9 -217872952
14 2 554212246
16 3 34310093
18 20 176476154
4 16 -753807049
20 8 446784031
19 13 785646691
13 3 469226762
14 15 130734840
6 17 998764055
15 13 543427232
8 7 835991790
7 9 790321735
3 6 431711102
8 8 121664158
19 14 571947672
15 5 526524243
6 19 475792591
19 7 232874147
6 17 472834066
2 0 353815484
18 18 216904318
7 14 237222191
9 14 839756531
4 6 449917572
4 13 689966420
18 12 490972272
4 11 443518450
16 15 970598694
16 20 742881498
15 15 579893286
2 13 96924679
14 12 445484418
13 18 789449228
12 9 17104444
7 7 819673977
10 11 55211686
20 7 932626783
20 20 777658114
18 19 119220346
8 16 268196853
8 15 603676687
20 8 334750492
4 14 626053166
12 18 413975466
7 7 835910069
14 16 380467450
18 5 822320575
20 19 680789343
13 10 441187752
11 14 485120239
16 20 527003861
2 5 313897837
19 18 145877338
19 18 653965303
17 7 3642836
10 8 267476292
18 0 268437449
6 15 127170258
20 12 793788522
11 1 938214595
11 5 418765290
8 16 396756031
3 4 -638946820
9 3 200417429
13 19 916828781
20 1 573614572
18 19 111460293
9 10 585011423
3 1 323675709
13 9 851674959
16 4 615116363
6 1 242672490
15 9 228238212
20 13 481496753
12 5 914139380
9 0 281894597
20 17 226029872
10 0 468183178
6 4 293830218
1 16 977161569
2 13 194635883
16 17 436495590
19 17 787593467
20 20 508270080
9 15 864594964
5 2 -570419156
13 10 252206036
14 13 431657545
11 19 473922025
9 4 801891423
14 20 240604882
8 3 393264172
1 4 640261314
16 5 628273844
12 1 278320003
13 5 317775137
7 6 366064397
6 2 499446667
12 2 651801496
1 1 670369641
0 15 146208540
19 4 632135026
14 19 202747823
9 13 578767090
0 16 790033777
14 19 459037782
19 14 379009623
13 8 521617040
14 14 451969127
12 11 554984615
10 12 777170567
13 11 758351232
5 0 956690540
8 19 391737831
