17 34 1 5 16
8 14 212747144
1 11 611092910
7 0 256375746
4 0 934872818
7 10 168373695
8 3 929115848
7 1 182275213
7 1 598471034
11 0 371837577
10 1 222752138
4 5 992077139
5 8 796228984
5 11 943120415
10 6 532056960
10 12 800318666
14 4 595355098
9 15 324006594
6 5 825075712
8 2 652931867
2 14 975387665
7 7 500166651
4 16 522928503
8 12 602436151
12 2 7093382
12 12 240501024
0 12 563756830
3 15 543396625
7 2 266158865
15 2 189626840
13 7 580656643
16 6 -273925315
6 15 901768231
6 13 597464783
3 9 734408955
