20 95 4 5 1
9 15 931221759
5 7 148397951
18 6 904131528
15 14 -114953024
1 17 930112861
7 13 510121635
19 10 498316968
11 15 804060398
12 16 212899408
6 4 557531613
13 3 495241789
12 5 767906947
15 13 245507418
18 14 878550072
19 18 694311517
1 13 784885823
18 11 803467787
2 14 493161017
3 2 378886107
13 18 965681559
1 10 316487058
6 9 274515825
16 8 96939731
5 6 398443535
14 12 324511768
1 1 891593034
4 18 728145823
5 12 802520735
16 1 753507885
2 0 434020660
3 19 35900235
11 18 727742295
9 11 327324032
11 0 890311564
7 13 441993509
5 13 688387836
5 10 753400570
9 0 920418108
11 5 342879491
8 18 475764974
14 16 587415674
6 18 -931927631
11 1 171496692
1 15 549525474
9 15 593615762
2 5 427059200
4 0 158846704
1 4 299111983
8 10 30596858
14 3 3906733
8 11 715964006
13 10 337123174
9 17 55726166
14 14 875212052
13 3 613875015
7 3 141172358
10 12 172599779
17 15 970290552
10 6 904588930
14 14 105244178
6 4 387755649
4 5 859180142
16 4 -450468236
11 11 276462570
15 5 522306748
6 18 934431212
16 12 195977482
6 17 182721745
3 5 290417079
14 10 282359714
15 15 202935340
2 7 511541945
17 18 808701432
0 8 561371065
10 7 974129624
7 16 31271142
3 17 623904959
2 2 242668681
8 9 229496750
15 15 650865541
1 1 738699572
3 13 603936168
10 6 212859226
18 7 20810270
19 9 880613556
2 8 456673682
8 2 562402801
2 0 -154818994
2 16 425845288
12 19 306848612
8 16 573171169
1 0 342683176
15 6 675646324
10 15 917764814
10 2 399557648
