32 67 3 15 30
21 20 462540427
9 8 722556213
5 22 640553688
14 29 986512201
22 3 434914015
29 13 231372254
18 28 418844332
8 24 160092130
16 18 924562234
13 30 416902550
15 25 422770056
16 21 842453734
17 28 319672971
20 4 299398450
1 7 935794001
7 5 234032536
15 2 -587722385
26 24 714726117
27 10 105429729
4 6 411855029
27 12 803600229
3 2 201901542
31 14 11766489
29 6 480295345
7 10 684902656
2 0 330924771
11 27 169812492
18 31 -460620354
8 31 891770217
30 18 853801953
22 13 989459521
16 4 963850579
10 19 22545032
25 9 818236866
0 7 282561829
3 1 332014658
9 1 765514551
31 14 130828827
1 8 440899367
6 21 441822056
28 20 736953067
12 3 260484836
15 11 901500560
2 0 560243467
6 17 339359871
13 23 155280470
10 22 439310152
21 29 962380245
19 16 211464463
11 18 268803315
24 30 760542090
23 12 95358188
29 3 323838804
19 23 469427083
12 17 806059099
4 9 537858195
20 11 -633911475
5 4 875439804
0 15 651721894
30 16 904636309
25 19 542274047
4 27 94125323
14 26 90603679
20 5 936960313
17 25 397718316
26 2 651472390
24 26 645528500
