30 65 3 9 3
25 8 157683208
12 1 751851207
10 20 556941573
3 2 167270697
22 12 790595986
29 8 13246921
3 22 308922298
14 6 102013985
17 7 244912393
26 19 315624848
3 24 873572564
5 10 510098639
26 20 177017459
9 12 618198013
11 16 254389617
14 29 136297203
29 6 903340328
5 4 764684443
21 5 453144462
25 28 609504104
21 2 857757440
18 11 418280961
2 6 670466315
16 19 567369389
15 16 48478954
19 15 291897311
2 24 989100310
16 26 661449335
9 3 748936224
4 3 575372952
14 11 444630672
22 25 743555713
7 15 622906612
18 26 284313837
27 14 119330561
24 8 369635479
8 22 474060103
27 21 21956749
23 7 722094024
29 10 604415870
24 23 961331187
1 6 514295683
15 17 887480750
23 13 791623086
9 0 8112514
8 1 358518485
10 13 550778224
0 14 709930893
4 18 389923186
25 12 918753197
17 0 880906797
13 29 901193623
26 6 128052758
28 9 874193840
1 17 235685556
7 27 997928879
6 4 -710780658
6 25 320132080
19 28 839997924
18 6 -105420068
13 22 937956725
11 21 908235284
20 23 -993886866
28 27 601917976
20 5 80576424
