34 72 3 22 13
26 29 740188155
23 1 237072728
26 13 750641984
30 19 953126249
29 12 961647970
0 6 439869792
8 18 995368983
26 28 365098517
22 17 654621514
15 24 223408464
24 32 465911428
25 9 930118840
13 29 201229524
28 6 772656473
22 31 -665284813
17 8 599621529
2 25 475374823
15 10 925568695
4 11 438291492
17 24 891849749
25 4 120393384
18 32 677784732
14 16 479041547
22 1 489471869
14 29 585460736
20 21 349006268
16 22 9393809
23 7 566958798
32 28 919855310
31 33 158934713
0 31 774852000
10 21 892823449
3 17 562249751
27 30 492165932
0 3 -394907332
12 5 907867844
9 23 825155335
33 9 115455923
28 15 138473364
12 5 882920121
7 19 506349888
4 11 910002523
5 20 99383146
10 20 470148664
13 16 414394254
11 27 969118344
6 3 366959568
1 10 889035298
18 27 678361322
3 26 874362170
0 2 378315711
19 6 601138229
21 0 278067506
30 14 699844317
20 31 231258286
31 17 956776848
33 13 46291156
2 14 196644545
4 12 199922020
11 33 148346854
5 30 751143770
19 0 469782699
32 12 711274253
29 15 405287393
27 26 959899997
1 8 327234501
21 18 -672098928
6 25 282120398
24 7 604599855
9 1 679335089
8 2 518605110
7 4 772225089
