9 637 31 7 8
1 5 489914560
5 5 44663560
1 6 383014468
5 6 365410794
4 7 302367710
6 5 -977232112
5 5 694985673
8 4 390887523
5 1 513807748
3 0 497166209
3 8 634205015
5 6 188407553
4 7 549791309
6 6 599123844
3 6 922392291
0 0 924164782
8 7 698550053
5 0 614258832
3 0 499532240
7 1 650668900
2 6 426886923
0 4 488163171
5 0 261747827
4 0 523622082
2 1 261517813
7 2 50339353
1 1 918829252
4 8 743785728
3 7 736812641
8 4 699006243
7 5 440335000
2 6 859788059
6 2 559495408
5 0 294421930
0 5 372017792
2 6 593583162
2 1 13362672
6 0 92264056
7 5 818814802
7 6 200726321
7 2 84750382
0 3 987714345
2 7 576957968
2 6 468189171
5 7 -912240397
1 2 365548328
5 2 173583013
7 3 162408965
1 7 862840513
3 4 824921188
7 4 820612602
5 1 377832506
2 5 930288729
2 1 734107435
7 3 287704611
0 5 994605397
8 8 954459520
0 8 597429125
1 6 10538737
5 0 987567183
7 7 930682914
1 7 87876243
2 7 319274470
7 7 673853580
3 6 989384091
0 3 81580108
2 5 686374330
2 5 462971943
7 0 320697165
3 4 872124835
0 0 242468704
1 2 713641610
7 8 340409936
4 3 144421145
3 3 997588949
1 8 946005085
5 1 866594873
7 7 -179104329
7 5 200478764
8 3 180435647
8 4 536082743
7 2 661478380
6 6 135469907
4 8 -728653287
1 5 105789746
2 1 75896067
1 1 464455680
5 1 846612031
6 1 546007498
0 5 345320199
3 3 932407865
0 5 111603588
2 6 302632170
4 6 404701735
7 0 519071263
7 8 -628202569
4 0 348772454
3 8 410255831
8 4 676582668
1 1 518630333
7 7 744878492
3 0 -696248915
0 4 941777194
7 5 978005389
3 7 674784641
8 6 246186444
6 2 585355187
6 2 84044069
7 5 59678256
7 1 -894109751
0 0 922330658
3 0 824768668
2 7 340135158
5 1 539232914
2 7 923358707
7 4 974271597
6 6 371290848
2 6 979239585
3 8 822226464
1 6 192900029
7 5 759455755
3 7 70424865
6 2 547505675
4 8 701082860
3 6 907253126
4 7 92367569
6 3 42944431
4 8 198477380
7 8 303225773
3 0 235765371
2 2 61562292
0 7 436546242
5 1 342393940
8 7 767810162
2 5 712981758
8 4 3526816
8 7 746329086
1 5 542571468
5 2 910289675
6 5 370435111
8 5 907210859
4 7 920360546
8 6 73159997
7 0 55535761
7 4 13034405
8 7 347708767
7 0 623569250
2 2 575987949
2 1 799120278
7 0 287092327
2 2 916992624
8 4 741220720
8 7 752370581
8 6 916381058
8 4 651900261
1 7 492371212
2 5 305920247
8 4 884932864
5 0 341789877
3 3 666109060
6 5 180828351
0 5 452023446
0 4 524073910
6 6 400743300
7 4 -225424684
2 2 106757716
7 3 -557656
6 3 342665742
1 7 39958600
8 8 177486351
3 0 650245323
8 4 -824995791
7 5 -321545875
4 4 119215112
6 2 950537519
1 3 528962956
2 7 527637121
0 0 995851391
8 6 288010847
7 7 399528744
2 7 620476756
7 4 200490193
2 5 551151938
4 4 485495629
1 2 604612280
0 3 774583995
0 1 407113418
3 3 690030487
7 0 744019919
1 6 4141596
2 5 602085694
4 4 662095175
8 6 317115551
1 1 735955234
1 7 5352944
1 6 425792043
6 6 -906928585
8 4 974753821
0 7 36623599
1 6 186475560
2 5 926929353
7 4 285999970
0 3 491119516
0 3 728567755
1 5 80632716
5 2 344913391
7 0 486245855
6 6 815268259
3 5 -508817528
5 0 791270193
1 5 63524103
8 4 865362590
3 6 253467201
6 2 199672193
5 5 311927115
5 2 169411517
5 7 2115273
2 6 82696317
8 3 289671182
7 2 99947326
5 7 12381597
0 7 976290218
3 4 303133343
6 1 2716227
7 4 496325544
5 0 420161184
0 5 974574921
1 7 -196905596
7 5 520261630
2 7 181857213
6 6 88130113
7 0 911506509
7 2 957505819
7 5 325272638
6 5 286785695
8 3 918714950
8 3 984505360
3 7 413454786
6 8 649643744
7 2 43185600
5 2 868966519
4 8 455578363
5 6 530814552
7 2 956857247
3 4 755692158
3 8 527360900
7 3 942085857
2 6 875980591
7 4 548989156
7 3 817981361
0 3 839301211
7 7 932370327
3 3 630831877
4 4 761809844
4 3 801719708
5 0 717656487
5 2 496601139
4 3 422390915
3 4 560763285
5 2 264916333
7 7 992780985
2 7 -290415798
3 8 264988584
2 2 803096902
4 4 16832996
4 7 25934555
8 4 751175709
4 3 666547435
0 0 113512
0 4 325283303
7 5 631050952
6 1 272312399
8 7 42732522
3 2 281486551
1 5 571960770
4 3 788485352
7 2 370128678
3 4 732027315
5 5 927541481
7 0 712381626
6 2 938284653
0 5 472548200
0 5 842915031
2 6 -25075624
2 7 702742454
0 0 931950402
8 3 296578185
4 4 828922652
6 7 282925171
0 4 82072765
3 7 974004210
5 6 608898066
4 4 768437188
7 7 232368378
8 8 298021045
3 3 163974028
3 4 714062469
6 8 200887177
3 6 901613372
4 0 676133585
0 5 448610332
3 4 487671415
4 4 596134103
2 6 158646254
6 1 949045257
0 5 835741635
2 2 831119318
1 2 50485116
6 3 -887536467
8 6 900816837
7 4 396913202
2 1 991325857
7 0 267693897
5 2 907784804
2 1 782050991
2 5 288432276
1 7 508721465
6 8 874016907
1 1 327722206
7 1 880347525
6 2 950888254
2 7 754194752
4 4 906913653
3 7 277937259
0 0 880980665
4 0 535286000
2 6 388259978
5 1 860170447
4 8 -464732204
5 0 388195588
0 4 577160812
5 1 829513389
1 7 366571430
6 1 225792248
4 4 776240051
7 5 391159257
7 2 777222146
4 7 852634444
1 7 827177715
4 7 267436296
3 6 258605992
7 1 611751198
4 3 31829720
7 3 60984296
4 4 134097658
4 4 65506352
7 3 246325408
1 7 816405136
4 8 297824444
6 5 981706754
3 6 -791606874
5 0 455284781
8 7 394757311
1 6 790104248
4 0 601486985
5 0 -15150862
3 8 530199070
0 5 755195352
1 2 798802589
0 3 911995208
5 5 49609297
5 5 41240349
6 8 958342137
5 2 545395694
5 5 38974143
1 2 -887997415
0 5 587261571
5 6 859165292
4 4 552080783
7 7 39205896
1 2 366826032
6 6 554909748
2 7 845349550
6 6 314132263
7 5 -201864729
2 1 364652641
2 2 520781372
3 4 509387386
8 8 420848613
4 4 154319033
6 6 15912829
1 7 252767824
1 7 487118074
8 3 692153533
5 7 300428623
6 8 701188360
4 1 627762504
6 2 448689532
8 6 400444825
2 1 203063175
8 4 881216628
3 3 988086815
4 0 521083321
7 4 -497680936
5 5 753876677
1 5 866529530
2 6 220406700
3 4 239848172
2 1 502048311
6 2 402426372
6 8 969313191
8 7 501319362
1 5 589066301
3 3 253371598
1 2 472957564
0 4 106771884
5 7 257704964
3 0 55087227
5 5 301348118
1 6 285566588
2 1 198787929
7 3 993622618
8 7 238425783
5 0 995259851
4 4 474957206
8 8 702825815
8 3 775172263
7 5 371809130
6 2 831482932
0 3 665368643
0 0 549442299
2 5 823904161
7 1 803907038
2 6 135352715
8 6 695177336
5 1 386696427
3 7 223370756
4 7 361148929
8 8 151509942
7 7 2409329
3 3 691545258
3 4 -930220333
1 5 437846631
2 1 840435383
2 7 -106805666
8 4 120841842
8 6 84986524
4 0 3419918
5 7 114245973
6 3 508613045
6 5 375736556
3 6 916925449
4 3 793351846
1 7 625325463
4 7 370144704
6 2 865075183
6 6 725411784
7 1 735021179
7 7 965460561
6 2 123613297
3 3 49567063
7 1 970964838
1 5 650139860
1 7 505624320
3 7 97921896
7 7 61957639
8 8 952196214
6 8 507420286
7 5 886257081
5 1 546818409
7 5 903170818
2 6 628859353
5 7 -908358266
8 6 380257912
8 6 217057182
6 2 15376251
2 1 695506320
7 0 177060388
1 7 208355485
6 3 332178529
1 1 624586447
7 5 495920989
8 3 994518748
2 6 954038331
8 4 650687374
6 5 859861615
3 3 770232918
4 3 905870330
6 1 197561884
4 0 569950226
3 8 249184168
2 5 708563597
4 8 66714993
2 7 437132105
1 6 50372885
0 4 255497879
4 3 855241807
5 5 703462592
2 2 779790419
0 5 680946807
5 5 444250779
7 3 693959444
0 4 -227451414
5 4 256842449
8 4 497188519
5 0 396276813
8 8 896736800
8 7 675983283
0 3 548106585
5 6 826212401
8 6 797835226
4 4 472185867
2 7 560046791
1 6 476662836
2 7 703819977
5 5 613385732
3 0 742678487
2 6 -325126713
7 1 67560625
4 4 301458444
8 6 936521661
6 8 427268078
3 0 212517887
7 4 173909972
6 6 394243767
3 6 235249478
1 1 779878534
2 1 525655760
1 2 548595584
1 6 431708393
4 3 945097660
3 6 986630267
4 3 263856110
2 4 408416748
7 3 530234914
7 4 590883941
5 2 124849448
4 3 449947793
4 4 395615047
2 2 105661473
0 7 500223224
0 7 267071287
0 5 136993618
7 8 652561565
6 1 666206239
2 6 962775264
6 6 128844273
7 1 840502824
8 6 564403216
4 3 120718112
5 2 567030689
2 1 985498918
5 5 979304686
7 7 134859708
8 4 627516499
5 6 975833548
3 3 666586532
4 8 718955193
5 0 527227871
7 2 462848126
2 2 373802337
7 4 222359206
1 1 258317199
5 2 169744008
7 7 435726217
8 6 266342418
0 7 800704647
7 3 360805143
3 0 129531131
5 1 982079377
8 8 579348755
7 3 618960255
3 4 251121063
0 7 716015909
3 0 829238417
3 6 349370324
3 7 928501075
0 0 532311615
6 5 187462416
3 3 641067922
7 0 647279956
6 8 893001642
4 3 621738774
4 7 2495821
5 6 -11484039
1 7 804041340
3 4 685472176
1 2 794864181
7 2 -395105339
3 0 146874445
1 2 442817004
5 5 681156233
2 2 251759586
6 5 519974868
3 4 380692114
5 2 408536967
8 3 433885569
1 7 863599605
7 5 446060368
0 3 981018916
7 7 764680158
7 3 416601014
6 5 618596799
3 8 256467388
0 7 808163200
7 0 125313237
4 4 850182797
3 7 8243145
3 4 77423275
6 1 707161105
0 0 149936044
4 7 293854511
7 3 201034815
1 5 653206838
6 2 -510567498
2 0 703105441
0 5 485959000
2 7 931772143
6 1 724543560
2 7 938395957
6 6 143868069
7 7 606129198
7 1 363191368
4 3 945369141
3 6 421932642
2 5 812715359
2 7 438898740
8 7 344751760
6 3 451950837
7 7 850610753
1 2 529458947
8 2 495512438
1 6 344428072
0 5 866904808
2 5 179906687
7 1 875130710
0 4 518573819
3 3 154147364
6 8 95619018
3 8 965319744
7 5 559562152
2 7 413924976
6 3 307564175
2 5 153672489
3 4 930820720
3 4 255635552
8 3 257184495
