12 71 3 11 10
1 9 234917208
0 10 291216135
7 8 497922042
9 6 980118366
5 3 238121182
9 5 357632086
3 10 414956905
5 1 115602587
0 2 179375491
4 11 124266081
1 2 -313120708
8 0 24470189
0 5 587666613
11 1 132952179
0 6 176021669
10 2 158893035
1 11 206052600
0 11 478314548
10 8 973593643
7 8 114067487
5 9 253511589
1 5 459399795
3 4 99781238
10 1 605471456
0 3 351619253
7 3 428273380
6 3 841538978
8 2 509637332
11 2 249947034
2 7 853655212
5 8 155246573
7 6 135312878
3 0 739301634
6 6 303347848
5 10 484291694
2 5 652760472
2 8 722156800
10 7 94120171
6 4 991636570
6 0 962345379
6 11 155503885
2 0 638501254
5 1 -260051181
4 5 752424709
7 1 769562844
8 6 174876843
3 8 428729931
1 7 657414343
8 8 72339280
5 11 119508973
0 7 774027146
6 8 209524464
10 3 248667586
11 3 627567420
6 11 241868816
11 0 179668535
0 3 755876974
8 4 415666548
8 1 -733824267
7 10 318367181
9 3 701102341
8 7 130997904
8 2 271795080
0 11 8721927
10 2 887348531
2 10 988353098
7 9 571107581
2 3 183703084
5 0 863809681
10 7 978925746
7 4 924315051
