87 722 36 30 43
45 73 319994814
35 63 873216583
66 62 221485289
56 17 517030017
83 57 377023968
64 27 721229126
83 34 466949510
31 61 655453612
67 55 -655311518
20 38 498673199
81 6 771809551
51 1 373953439
85 42 413680655
32 68 281165842
84 53 -585415797
77 49 92841201
71 82 898524125
27 64 913677983
38 48 877094727
53 8 595012238
47 27 -17779734
77 58 824306759
56 82 791481842
35 68 716723352
44 83 404751336
66 3 190755320
76 3 854183472
20 26 -201129234
41 18 273769144
3 40 93684086
57 54 -308732567
38 4 133935361
40 30 400493253
75 67 394166261
59 14 -148809603
37 86 407001267
52 79 180285931
5 28 774412153
44 84 818294371
29 51 267799409
78 27 571394064
51 19 393547572
16 82 265433318
69 6 763088920
42 24 602747453
26 7 324359878
19 1 629661990
48 83 227645081
20 35 291409535
84 49 621808628
60 80 973603743
43 55 94668627
40 45 629916107
79 59 107233330
52 15 718694817
48 22 191313979
2 68 592673862
27 8 874859528
33 0 397144070
53 3 259273017
21 75 711543859
43 47 -69872467
0 58 68053948
32 76 -630619283
60 10 822738835
13 61 9807557
8 15 439983564
12 27 545061448
35 52 630300354
42 64 332013962
50 23 560891549
4 63 95362538
33 71 925373102
8 59 225402934
85 12 858659886
62 72 334019299
73 62 794296634
56 31 370231232
34 61 643238708
67 65 767958192
41 59 287130368
78 14 589630858
52 77 -31887517
4 85 279806217
43 76 335693937
82 19 409179547
55 9 160972263
51 46 194556781
86 39 659492421
28 51 591645382
60 76 117715955
33 80 657773591
82 57 682182013
33 72 115049500
63 44 421651542
47 34 473569827
11 46 873927336
43 14 363510086
81 37 490539528
14 69 -797367301
60 83 693434105
16 43 843010421
47 10 950629739
3 8 239563293
53 32 915369543
25 53 -421310849
39 6 501903813
30 52 895341561
18 50 573372382
64 60 347051960
42 25 818909193
48 69 528643323
61 1 835841228
41 56 270164703
67 7 563618326
68 82 640853135
14 78 542239308
19 28 811884472
21 4 829810428
14 24 891480742
79 76 399117346
12 75 465373308
10 55 265566931
38 57 -798207365
29 83 135299089
6 31 584601777
66 9 138122987
15 18 148532519
83 24 387489523
15 72 946823906
62 83 343382864
84 67 335395909
41 63 698745086
12 38 921927143
56 29 311586140
12 53 633377263
21 66 362690980
40 22 374722510
5 54 459698794
17 79 730805769
31 38 212352140
66 38 925949184
10 38 254853593
30 72 590471407
67 69 886717747
64 61 241367809
25 44 15091234
52 60 751193249
49 33 462056038
5 34 334172189
85 30 265694738
38 42 570401459
82 5 756039012
82 75 455543632
8 70 74902184
38 82 232442879
45 69 950864790
62 82 -451833690
54 37 528562145
80 0 321977958
72 75 464613500
42 79 1515001
32 26 790844189
57 61 226352183
31 47 181829227
33 43 738070707
81 77 34727014
59 66 280613489
18 27 858044216
75 40 8289898
29 30 27230933
7 57 200117106
27 44 701552859
60 37 773373400
47 85 951304704
53 40 158706515
50 20 829637303
47 14 658858838
8 5 765773479
52 56 732865255
20 62 158685321
4 64 238656080
29 14 824496030
85 50 49359618
59 9 618418107
84 41 362526887
45 83 153897123
15 7 954060682
3 37 879826130
79 64 95539922
1 70 919611035
55 83 295879236
17 10 204141174
55 17 26688255
36 54 420197900
76 63 379356821
71 46 141816253
10 58 135091521
35 1 244658020
19 53 354268616
69 30 516949402
19 44 859395145
48 51 400474747
12 60 435869388
83 7 412457808
1 16 370747677
63 71 743939249
73 7 602684125
75 58 235265166
57 11 377696435
80 61 155344071
55 46 300227138
41 3 166053556
38 46 99616897
28 54 291463596
66 26 427835533
18 6 807035678
46 60 432504827
42 46 636494699
67 76 783258282
68 4 785413695
59 5 681403238
31 72 487027387
86 77 -817113084
27 61 673478381
40 55 72589233
6 33 612912181
11 86 -278536738
15 55 883231632
36 39 976552013
10 12 468749949
11 69 731592599
8 71 583947204
49 72 966225266
67 21 605879041
67 66 937131961
65 30 634473793
10 28 751578290
41 40 627819217
78 62 767579345
25 51 313526741
25 13 483261331
37 62 73366337
48 67 621192082
23 18 839412461
57 25 656958041
59 61 522476512
69 65 187299867
45 21 570436957
20 53 549030101
63 27 146965363
56 6 574235594
46 44 122684081
1 73 881193702
52 20 559621540
3 43 823055243
52 16 204217144
83 28 485545367
16 21 339607922
79 21 542361824
60 63 381210222
14 2 827676748
51 71 405692394
1 86 296202533
52 47 939744817
49 29 145271585
39 80 828225672
74 39 83643589
51 14 297110132
12 22 478163129
21 59 200316529
37 22 682309135
50 82 406519545
36 1 437640888
84 42 545241497
35 42 741332822
59 83 418125243
7 85 216503445
76 55 716585781
85 70 381484388
11 51 702421421
8 81 156020069
61 81 397123361
84 6 141627891
7 20 30371439
79 4 752356097
17 61 813157094
17 23 812899404
85 57 788311630
82 62 894858332
70 63 806599323
72 33 784356703
80 29 143228272
57 46 16319399
38 74 725896845
76 45 586002468
76 66 994471217
80 35 111240316
80 28 680328716
67 40 676896360
15 67 321205596
10 45 115980164
56 64 285446484
84 79 590933424
51 10 180350057
82 39 299719395
0 21 921996346
68 62 76414423
6 43 551920060
70 35 75344428
79 29 12548556
44 80 14058458
19 46 590987341
59 25 701874713
14 73 365855240
52 36 313453380
31 23 139840630
16 83 464846993
45 3 434130784
0 67 319711633
18 11 132634170
62 44 943395847
9 71 925456210
50 30 552772065
83 33 -547783306
51 31 638517138
81 65 752672520
66 82 226172865
77 39 494419936
34 7 480055407
77 78 233916185
83 48 328028138
66 43 386066949
45 70 926700160
38 73 823193565
42 9 -745033450
68 15 886674918
49 58 243215734
22 17 767163042
32 12 339510157
24 60 895901660
2 4 898183437
74 12 480539523
16 60 448410402
9 69 852749989
1 61 382061751
31 78 695257637
12 31 300168707
35 11 469534205
73 64 337751138
23 0 276552919
71 69 182081334
53 7 841952612
61 2 315413689
38 65 748737587
11 53 302308939
26 35 608152049
79 83 800397065
16 65 475303556
81 24 232830229
79 53 570488267
33 5 278098780
29 73 384587771
80 69 737728926
4 16 240626278
61 78 530637934
75 24 578174938
37 46 450656136
8 73 454696145
27 71 304299107
81 66 347699114
48 26 857189210
81 52 922721619
29 22 620567675
32 86 341608764
56 19 100879955
79 78 584052709
48 31 806010362
56 3 757908289
5 55 648164027
54 25 501144906
83 47 901262290
72 80 163041385
29 61 400399592
60 78 136080922
64 47 301398734
16 54 277263006
47 45 706602168
22 67 945244603
1 72 272309349
75 10 666417823
40 56 210424745
18 39 91881640
52 14 514608716
59 15 995232579
22 24 998272510
12 55 38218290
20 61 143151021
83 10 787405001
71 80 205153992
69 84 33800384
49 0 882065565
67 14 582986182
81 59 1773742
17 55 350391087
28 8 600395321
1 68 521287941
43 11 328059028
2 27 37053371
18 52 224326551
24 85 610524245
63 45 711586078
27 5 -784580050
34 64 115367323
86 29 411177637
32 34 592347186
60 32 107692705
76 57 803613640
46 31 616406035
74 81 420764931
30 31 682058786
4 15 596488727
64 10 384896054
13 52 359676883
16 76 103612308
75 30 461054837
57 67 393504743
77 83 484386301
28 80 382239933
42 13 294174849
2 36 248564171
53 66 428934336
84 9 666287817
75 13 446102961
77 71 905836009
72 2 738559257
58 30 -483017494
24 56 236380500
1 19 34577890
38 32 963627830
74 15 637200037
14 48 188609264
13 77 212416338
55 71 810420527
20 6 16325012
43 73 266234425
62 49 -649752298
32 28 635494129
42 48 101440024
60 8 95628580
65 62 522506072
8 72 53235658
86 32 859922781
37 58 135999577
27 3 333435030
56 23 674497859
80 14 831719335
71 9 749072628
11 45 -650474424
74 86 -146855337
78 28 739851209
36 46 696654808
14 68 564490618
57 70 424257412
62 26 487799279
85 27 639068603
23 12 938613554
9 35 134568054
25 64 559519492
43 16 528656834
65 68 634248240
28 83 863117463
67 3 963116949
46 1 16413172
10 24 399489458
77 21 519400485
25 21 661530550
3 27 811730568
25 12 293471576
42 14 123756509
76 60 462562923
12 14 644349209
26 12 828094541
51 9 317679507
4 10 229476517
28 7 174263902
57 21 499948626
27 18 707925498
18 70 547904209
77 20 868763611
42 72 282383369
40 34 518446962
43 21 930329751
41 57 952087067
56 21 798123118
67 47 959088884
42 52 813021143
42 6 365966771
82 45 919574436
14 26 118999939
21 14 984843443
72 86 991491658
77 33 663188306
27 69 548760158
33 55 344188986
56 46 997932697
43 57 712173848
52 6 2071773
34 53 676930793
36 80 491671906
36 20 565977166
50 61 559069383
28 59 907146067
9 74 631957370
86 84 594828534
70 38 684287457
10 69 -774978997
14 7 -669032237
53 77 930237720
66 73 -314995038
52 26 802626447
32 39 805734547
86 41 278836583
14 86 177781097
7 5 347984886
86 81 102317439
18 13 60589821
42 76 789855694
4 56 293361344
32 55 65130867
74 85 280144912
64 17 476950231
29 23 712046578
41 53 649609994
52 54 -180829541
83 17 76401322
53 24 289148859
16 3 785456498
16 12 800196189
61 64 389248461
13 70 209936564
34 82 405954235
65 81 195800231
18 67 120767542
30 0 454647335
9 42 57789120
62 75 923125893
59 11 659334692
15 78 167360482
70 31 548028642
61 36 780780411
56 5 214620258
41 38 759002052
66 83 150296885
2 21 -762695679
85 23 761092103
30 68 28938467
45 52 531697227
32 80 757543168
11 82 372526200
61 37 332823722
65 77 -263459462
26 40 701311183
69 66 -520178916
11 79 183372446
80 81 963405823
28 10 -609911132
45 44 813935720
83 59 802313247
37 3 604765489
47 23 529034999
3 59 397413761
75 9 583032852
41 45 672585625
2 18 121341696
46 21 197536317
1 17 269522027
63 42 45148560
40 6 480511303
56 38 78429618
35 7 688380659
72 71 982766581
42 57 69147222
28 79 715800117
61 11 864790155
39 17 329645737
70 13 509490295
25 0 92618200
5 39 624732093
4 80 198591342
82 86 487874383
55 53 337135464
12 18 677527266
40 51 187970294
36 31 643971200
33 73 382973037
42 78 939844425
43 25 399080193
34 52 970019799
69 52 669670594
17 12 773374440
48 33 409922352
11 55 33722056
70 39 727863075
49 45 74252436
12 77 11252942
23 10 761324673
42 69 70927063
83 3 240918368
18 46 334271854
54 75 979445578
61 47 512801106
23 22 -70727474
71 26 286650545
51 65 992853792
56 78 -834675319
82 50 421562314
13 63 165775446
67 30 26092855
19 80 188625102
78 9 -710264928
26 67 350322197
10 52 367628139
45 14 179386408
17 35 675515096
28 9 425920291
36 57 682926054
65 59 326844631
86 27 745268033
33 49 8435660
85 39 885860384
9 27 971234371
77 10 341339145
63 3 246810006
34 8 258860811
78 50 33506284
39 5 921528266
68 12 739136040
16 61 435918497
37 21 141059701
70 57 626457044
47 69 855720129
31 56 807865199
84 58 708882612
80 12 117927237
77 28 276732294
77 14 987413563
15 5 475832419
42 71 637865280
33 74 52452479
8 30 661582171
0 46 -827805825
77 24 43880120
29 68 -311533842
28 44 103774072
16 38 663752217
83 41 252533505
6 30 980747243
33 28 553555489
2 55 881931426
42 20 208685040
80 42 684783635
4 1 405421244
14 15 868505671
42 54 355386370
82 79 529486052
81 12 43965006
21 48 970401250
80 82 619834937
75 37 605468844
36 76 878079582
12 3 224717887
84 21 838413201
14 53 359235234
3 26 693862106
13 25 97973837
18 86 562408746
21 27 227293176
35 43 453132922
61 33 741295756
24 81 408464077
80 23 784283828
7 60 160118867
53 12 306915391
52 39 486677465
74 33 253676089
2 83 287406642
69 20 790105998
66 69 354554440
10 81 6989912
15 77 47106266
33 60 14848329
20 66 299478933
51 76 83541897
49 7 558075483
68 75 415888340
58 42 846893648
73 3 751969631
16 49 125436544
81 18 943500213
0 66 831227666
83 2 502963191
43 86 74029172
17 51 342708984
61 10 711777385
50 36 794066450
81 14 859443104
35 78 300175385
80 37 989595
10 36 584435839
19 76 390382234
57 44 531233671
57 50 208169799
60 5 -327983137
46 58 199444821
84 28 519094157
74 82 561655397
47 39 236222659
0 77 266973357
18 26 862601560
8 79 999156613
63 78 661242152
