84 681 34 78 2
74 14 244331018
20 77 947542546
17 60 885045980
26 37 238665275
71 37 759517051
23 46 738253739
76 30 538935238
57 50 -959772950
72 33 915452106
51 63 148705585
2 68 -662598645
54 15 89641014
78 37 447356408
41 47 225389387
52 75 75413268
33 55 23752761
35 60 876629262
68 50 601711242
52 77 687474704
77 26 197024491
3 21 162202549
46 17 396313251
7 11 601979500
20 48 -34031
67 27 999397637
0 71 138261812
55 79 517920300
8 35 171136782
47 24 -570457912
13 81 669916085
61 28 520091164
47 46 187730615
7 70 992924372
50 74 194789112
19 41 983537173
12 58 184644839
64 25 743071916
47 58 167498830
3 46 33016295
61 81 284270703
55 39 363062636
72 37 175834352
65 12 842259099
4 2 967016983
36 7 411010228
34 60 234495981
49 68 905061231
83 81 995936654
38 32 419204632
10 54 118911050
33 12 178060813
61 62 119489638
1 10 16935897
7 52 472206297
18 45 720529018
21 13 967103269
12 18 650334365
45 76 401162297
12 42 876564698
38 43 580125650
49 71 49766155
41 11 705480925
83 20 422086095
80 8 10984662
69 9 711458255
83 0 968436241
57 24 964902792
83 15 85927378
3 39 624768748
50 0 621824835
61 44 362773366
31 20 8793133
78 57 94170841
10 72 566755387
27 53 149162043
10 58 91325177
51 17 184917757
15 70 704268606
68 40 900558992
10 24 809830246
29 24 508930003
41 50 832850121
1 74 576572935
6 27 227841420
41 2 999310919
47 22 690936838
63 44 965647296
32 68 534355266
69 81 852963207
7 78 971382986
67 2 768324695
21 41 907385512
61 42 876971679
73 12 910193847
31 2 435444804
30 58 594738380
63 41 863929456
8 71 683179717
26 21 315896503
43 41 260356995
73 71 521609500
31 16 445585514
45 49 666618427
68 41 951200576
16 61 72078170
5 33 483677887
24 20 655830589
25 60 578388901
40 43 705244230
66 31 610580422
32 45 279721240
37 58 700700735
44 10 -853050467
28 69 835361236
8 48 623301520
45 73 715402000
4 66 87067743
14 44 108542148
56 36 92826710
16 59 958911442
69 72 -115991974
64 65 767148625
2 25 256696550
39 41 55574951
78 74 26600667
7 69 216396025
55 9 852147280
32 81 234843654
31 75 743234947
15 2 495405220
7 36 639199982
56 13 472724434
6 3 291799826
16 41 561502145
16 36 886368445
2 18 737014801
47 2 582797441
48 50 127966751
65 72 866219205
77 31 970209122
49 61 725356839
0 83 298964504
19 11 457158836
35 5 669895603
13 48 847384421
32 52 179235123
12 2 343182630
41 19 -531242358
29 64 84167211
21 43 208430022
79 15 558544831
68 47 741936983
27 48 987832877
8 11 785166256
82 2 581239799
56 37 42874975
50 38 455487135
71 23 207476884
27 63 528621784
38 58 99345462
74 22 207503510
26 42 -585653339
4 48 673011652
69 31 791389010
38 34 692989741
21 17 527976661
15 34 998907374
76 72 570579241
46 71 780857141
5 24 574834748
71 3 164535442
64 15 443681838
40 23 276179059
56 0 434140280
3 40 736774132
79 19 792281014
81 9 874468021
29 78 318748116
25 2 87327187
1 59 788827588
43 0 675972689
54 26 340321339
80 73 132622122
78 39 685749886
25 45 896284394
47 80 707462228
34 52 167494209
14 71 650811577
40 57 781335058
44 15 45631398
9 77 774490840
38 79 677093828
67 64 380164574
16 83 126011238
82 62 733887206
25 55 717600208
11 77 303669212
65 80 73636634
60 4 567125226
71 19 718373611
5 26 688554658
16 2 582851946
80 68 701343998
53 4 364294262
76 3 522564970
13 7 686802099
14 1 841404707
46 7 320196387
58 81 226980144
30 18 888165545
21 25 490522739
2 8 775683873
41 71 594653063
22 62 404136334
60 62 598734463
63 66 36394024
27 81 383580788
75 76 603401906
33 74 98865799
63 19 968924123
54 80 877316166
22 10 571825884
6 49 202807543
33 69 458532193
1 23 409284684
22 3 -378078247
5 44 529719436
3 41 489935308
64 32 267769962
16 31 40013695
65 4 600370412
15 22 504915639
1 49 965008810
27 24 669507063
36 66 834521694
15 78 -628627634
33 38 33603052
75 6 980676595
19 64 554678130
83 60 96450287
37 9 -857400101
4 79 678461281
12 37 621841994
53 65 212754390
6 13 505498595
75 28 745269774
72 29 60538611
78 62 414267633
68 14 692917285
56 6 741382401
16 11 813862710
8 44 975416386
4 70 515769546
30 68 108676851
41 61 42571228
21 20 974217347
39 49 712184983
35 19 825655993
32 76 392847481
23 15 450660521
5 72 516327652
81 48 795192299
20 7 -373307723
72 32 497954057
32 1 949167558
11 17 901332614
55 68 905063378
53 41 109822712
14 10 515285571
10 76 330624305
48 66 227452261
76 2 985004388
21 82 702269345
59 54 253523398
73 59 191565945
16 15 560105002
43 69 -917916094
60 5 959860135
20 31 945066005
83 11 307091784
51 15 282538011
83 7 880899763
77 17 938685077
70 16 404625843
65 41 483991905
72 48 35400898
61 82 596596398
80 39 730426187
31 9 523302790
58 74 800307758
23 37 444078411
5 1 283689438
56 31 644004277
10 41 816032062
51 31 789822833
78 68 269652128
55 38 618095545
49 34 542673960
52 64 751477517
15 37 592614028
55 53 255196494
28 50 642097787
42 11 785550937
79 35 324503783
83 56 459254502
61 46 215369355
51 69 418651332
1 46 58472689
51 36 795275805
50 34 7211436
62 70 673632920
65 59 -360620305
49 70 687319395
39 47 384121143
24 3 507806280
20 79 140918952
29 2 524606540
8 13 740329805
56 65 640782359
1 64 490119398
60 28 521357347
41 57 40852086
41 12 638213888
5 10 107205528
38 44 720338222
25 35 321494757
63 79 380832665
48 61 75582253
17 67 -873146918
64 55 845166085
27 20 875664701
62 30 203557486
55 15 346181183
41 82 848090441
15 69 314551334
9 0 534182614
83 75 498116005
22 17 653979280
56 3 69520090
18 50 837989229
54 53 795057773
40 36 280070260
53 79 -624579094
47 8 807162534
4 76 574801472
7 48 489738827
19 36 828933170
21 52 -893174100
58 49 378072521
59 55 201302131
71 49 705509738
70 41 867582360
67 33 795520447
73 54 151348900
20 81 679906362
36 34 87553902
17 42 769749287
60 19 664531341
33 1 453923658
2 54 991379809
66 32 596646570
62 44 847147719
12 45 935872834
60 37 265961786
82 77 554194256
68 5 361891311
59 62 716707030
11 65 815464975
59 67 137997736
33 15 453354262
48 81 95670808
57 49 392189496
22 5 999206777
26 48 563716925
36 63 273649957
22 56 566714600
53 10 680544458
30 2 554768942
0 12 227123203
3 28 -534049694
76 77 451205782
25 72 430673095
15 65 785989665
24 38 605663380
41 38 789605171
25 81 -605885055
39 48 835339798
57 15 767610849
82 31 951300460
54 8 236184652
33 16 975917471
20 1 900821146
43 74 926476939
31 8 965512454
41 1 900283516
35 76 407748685
81 74 588928235
55 19 765971719
43 73 31212468
47 20 906112004
59 17 667179986
40 20 567920474
29 1 624586651
77 35 153644596
25 64 440488350
9 67 45922235
73 75 445503308
47 19 538747546
54 64 393330633
66 28 487321379
7 59 578295466
58 6 780042898
41 56 621266459
56 77 94020568
59 45 587912615
70 47 180252939
51 28 -182312535
43 33 319921830
48 62 252755759
11 22 112070606
32 14 479301122
0 58 732978168
71 46 162613990
30 78 64975377
33 0 567113448
77 81 707714114
51 10 77980677
59 16 977719855
22 67 246571073
11 66 884869707
57 39 176323067
75 21 230208161
25 66 31959079
71 70 590951110
46 36 850607655
53 39 842913105
39 35 851700738
29 41 748995415
81 54 421678629
80 22 60340008
37 33 370903652
3 44 211415385
29 52 539658632
37 24 814002864
52 43 773183314
8 39 798248504
79 42 804157812
17 8 947994337
17 45 46478697
21 2 853039782
7 44 -948410336
9 16 823559580
43 9 487746107
54 28 655985157
83 53 224023682
30 6 158167836
81 59 262084436
44 71 930162319
31 80 375020282
67 6 239936535
10 21 212473466
2 22 870403664
37 47 58556124
59 50 -701633355
30 52 550034181
39 19 243400856
4 68 911160104
78 60 83425784
50 27 524315680
44 67 929129770
37 16 687412106
1 72 465606385
51 13 -186070383
50 9 889140995
49 9 19796144
66 9 120355770
24 44 304971978
25 67 152322083
8 25 990798895
4 30 484397659
7 67 -322694946
20 9 -750438451
73 47 260806296
35 43 285555014
56 68 903360592
71 54 290959161
20 15 553506118
50 55 216878333
82 19 140419312
50 21 306328325
10 69 886699132
83 79 516504069
20 75 665369304
46 47 842930257
38 25 943474775
20 53 556190357
38 13 613089521
69 56 295447517
31 39 918226300
11 56 227827748
44 5 132350427
43 36 850434481
35 17 840926181
27 6 811964589
35 62 945806687
52 76 747349091
33 6 13099887
58 50 778063574
80 74 992575927
58 45 358613767
40 67 67945094
69 20 416440069
83 40 332790408
37 45 623366024
0 11 20523508
4 35 728961534
19 68 771436075
46 58 23042057
10 53 431218808
49 32 818233605
66 69 657708608
26 33 -416391808
66 21 592455547
61 48 558176010
8 21 301979265
56 59 791756970
0 9 263380931
27 64 131569925
17 71 572369380
58 9 871757760
51 62 150949888
61 15 943412224
31 76 759332388
23 61 281939988
55 50 538249729
8 30 264651335
71 74 514820382
3 50 203424185
39 65 329619713
73 1 194066039
16 28 581411468
19 40 103765223
30 10 102421829
81 31 845437345
59 68 221693157
9 51 907472438
26 56 55125680
9 71 499740974
46 53 640670025
0 39 459727423
77 78 34585650
61 76 126149620
68 6 865991693
30 62 17432656
63 7 604336237
9 2 261284872
67 9 636143806
8 54 801552656
39 78 332820980
18 67 762220040
79 63 455006098
50 14 635329503
60 45 873408255
15 40 463073825
41 30 697441575
1 80 827358695
4 5 873249973
64 39 530026781
41 64 -368954681
69 8 234603222
56 1 102138677
81 27 769353183
4 21 292694053
5 39 359159312
4 50 410379017
61 7 206811209
17 80 927294109
7 19 401927549
67 37 979243979
75 66 393717555
69 46 344240338
78 35 367252926
42 72 433065261
54 50 168029586
75 19 675514520
69 15 8932565
77 49 327063749
16 35 531624994
40 65 332267924
82 16 487496323
54 23 177509150
33 34 936578133
5 65 226545959
12 14 576616888
12 68 755725854
59 70 106639673
30 23 953214844
16 56 705270137
24 63 473746481
75 42 757100001
14 8 829017745
38 5 899287437
59 28 722549773
27 68 718897441
66 71 148719027
76 82 866125324
46 6 614480542
51 40 653212199
47 43 -733721400
28 46 66649355
16 26 972117232
82 28 815371431
5 7 518869258
33 46 947342821
62 56 402270373
39 13 270572118
11 82 796452463
43 60 964749823
49 10 894710079
41 49 -849455119
69 12 748208602
41 29 837716784
64 60 274854387
53 23 182718152
29 44 901118591
26 71 527239032
42 39 32001995
27 18 540512996
80 53 283394532
11 24 873589038
44 62 582296950
58 33 922711288
58 20 519178095
70 51 327272252
78 29 259119443
22 15 143328698
69 49 624301143
63 23 967937702
78 19 849203409
70 24 617798503
66 15 871477241
1 68 957190240
23 38 -633974126
0 51 357631891
63 76 803165387
68 21 516825378
24 47 796512002
55 11 586447757
81 76 536368164
31 15 680078239
29 68 38010068
65 16 761252210
55 21 863968952
54 59 241647449
80 78 808636368
47 62 225288381
52 20 255063236
12 4 -532543587
26 25 -946053921
20 51 751070322
42 33 858573198
25 75 3592472
51 52 587709588
4 78 434335335
39 30 404270881
32 44 777631528
50 3 371095355
21 54 756096655
83 34 22271906
78 49 -36488132
32 30 938970546
34 79 918513157
26 73 80284221
51 6 508460678
46 61 911150512
35 58 500578997
33 49 819345370
59 78 -504907605
12 39 63783842
6 36 795109846
58 24 499992561
