75 2828 3 13 25
40 58 92104545
5 57 668052765
16 41 714722842
10 55 467930881
66 10 585057642
61 50 302774930
21 11 464914876
63 73 611817789
6 23 649049830
17 4 418364863
62 15 390780520
10 42 544750203
18 6 346994084
72 27 913858218
21 2 6268091
36 48 132659849
35 13 824037060
10 39 258928919
22 63 532269382
40 29 836220857
5 54 123625933
21 74 263743615
43 66 834681688
53 22 618847462
69 11 785991599
65 22 349838815
73 40 214150455
0 17 705553688
15 7 216001461
69 43 12202041
2 35 259108885
3 26 367701675
69 56 604766403
47 63 838383404
27 58 919350248
66 74 213873408
24 63 232866957
19 37 150887532
39 54 610890261
24 64 615389102
28 52 942796511
59 18 264163393
69 4 932531366
18 70 498693213
65 16 156289121
13 69 780377935
58 9 604677160
25 66 180401996
74 41 921001695
45 58 506888305
61 66 947688025
41 24 194576564
36 50 98031222
15 65 226923022
2 4 967554135
57 48 287439816
18 7 988860853
35 0 482844353
15 48 420344827
27 52 187641904
24 67 691130670
7 73 477716703
17 57 90419887
60 35 625196050
11 73 441473456
35 61 358794880
22 17 216837045
5 33 644088961
12 16 554035077
20 56 24250298
2 40 395125131
41 34 803216225
12 38 450536634
4 22 279302367
28 24 753869593
69 54 751036694
14 56 373078146
6 1 991113226
35 45 502257654
63 69 96233521
33 18 358958919
33 14 128259571
53 18 546629403
2 24 896183374
18 42 702466020
7 13 731933631
21 9 938763962
29 50 295624892
50 52 782440868
25 58 755970118
71 56 -117483478
59 8 22695876
5 27 285756742
74 72 833848816
34 59 194902187
4 13 395663152
35 34 621247741
5 64 976880510
32 23 98178510
47 41 814224855
8 9 877952119
17 52 348267407
47 64 143359591
26 51 462200850
62 29 230541602
71 69 844490013
10 74 824293039
35 43 954395317
22 1 319726473
14 20 272023303
42 2 675610302
3 5 163922624
23 8 137344120
59 15 85646158
44 31 225510037
36 61 905564857
63 30 778144857
32 25 16200424
43 50 23658628
1 25 230867026
8 27 490273378
51 52 166334601
31 42 803328186
18 22 82303042
51 26 847286456
22 35 483237400
33 68 540352373
51 31 991566087
25 43 486235874
26 17 670824262
31 9 88848759
5 56 563595875
13 74 79302287
29 15 645067669
29 52 310301166
20 45 272698962
71 20 452979148
48 65 365846619
57 26 759426242
18 59 393779476
39 51 729015252
4 57 895807487
56 3 743452063
13 10 725506035
10 56 192486397
64 23 310773221
41 37 880390643
14 8 67541343
5 50 23236548
38 17 425022958
23 66 670365973
22 20 524738296
6 55 467048451
59 9 184661478
47 22 749670532
38 14 111053530
51 72 753478983
71 49 188758029
66 27 502561103
59 17 263325315
19 15 610827515
3 57 36071776
54 15 772414698
13 11 949992797
57 46 701229162
37 54 313851137
45 66 566284320
54 26 145353466
35 6 738777245
42 28 785371368
2 69 971527400
53 0 211807030
50 45 398149405
48 4 357699155
67 12 707638017
66 13 435626686
74 53 737212897
70 14 652848662
55 21 172797862
49 0 489045513
5 17 923395678
66 5 891923391
61 58 857646526
31 26 825167099
59 71 853918683
39 44 472767747
50 65 829916376
27 49 316831757
66 39 470476188
35 21 257067645
22 43 567126531
38 24 212087871
43 24 202419469
1 57 895987145
52 45 110365272
35 29 503426715
18 69 856915680
43 69 717573532
18 13 403067067
67 25 614626378
68 72 958555851
24 51 687766874
48 16 869654849
52 69 757804231
6 71 448150275
68 58 474723024
61 46 241254917
47 39 916005925
52 33 604884822
58 25 911617244
44 45 308599291
0 29 260683357
41 42 865157093
19 32 241237697
49 19 833115591
21 0 662642320
19 56 765557876
41 32 355928884
29 64 257028149
19 8 569783030
58 64 34903701
9 38 444056843
18 36 353089821
45 25 542286100
58 51 127384518
44 43 669286403
58 15 971255644
17 51 713359844
52 31 344109447
44 73 635177958
39 16 222119742
9 3 775537417
4 49 4778938
56 23 950814245
28 19 415118130
54 4 638608360
47 74 355428045
23 37 702218815
51 66 427479667
59 32 90609508
20 62 102229112
59 68 447313231
24 35 733569306
50 56 208357373
4 8 911066094
38 43 117338005
41 13 178694264
21 60 593612126
60 23 883120043
6 4 583587635
19 73 238112122
57 15 219546134
4 48 84462452
36 23 321592104
5 14 728701855
40 45 520305278
10 72 602640114
16 25 946450343
67 14 495763281
26 53 562835333
50 67 919200251
58 56 465770411
9 33 53152682
38 32 945908710
41 16 870617515
55 49 737235832
41 33 877134317
38 49 814552840
19 7 711526022
17 3 89294067
68 48 515837213
42 29 655554290
15 53 536169489
58 23 163723422
19 63 479296822
25 41 560962604
70 30 189680345
13 8 614109269
14 29 659518897
32 14 552282334
63 34 974848540
40 68 5108957
39 67 675654467
0 36 592331914
8 0 813394834
59 36 544763639
29 43 156432347
73 72 108254872
38 47 448352528
11 37 738348837
68 25 522937827
19 10 481575017
42 15 133434554
9 5 436108531
33 74 263023952
15 58 47967805
64 12 973168593
73 9 202033087
21 1 261550354
67 49 81361701
61 1 777347125
46 35 609230378
10 13 923775918
57 41 651420503
4 12 236791870
67 65 362398885
9 27 374735989
71 70 324717395
58 74 191330846
31 63 543899768
45 12 92058128
23 19 352553332
70 27 763253268
52 18 243242979
29 34 745103336
60 32 509043312
11 62 570427609
47 40 346095983
19 67 981612681
28 54 116949038
14 30 956160400
19 27 628466091
46 33 142492498
2 28 735390904
34 30 684373537
3 17 32805975
73 53 372280377
20 12 273008226
18 71 979785260
71 74 20158133
30 46 960998583
40 70 517877167
15 5 387314568
44 47 423037525
55 22 71627086
12 45 464891028
44 66 573506750
8 36 145054434
70 48 10861301
12 63 44596920
57 9 179920798
16 69 516643049
17 38 151986186
23 31 34285671
39 64 19647590
59 60 994326581
32 21 528767651
27 40 604959508
55 60 131082456
5 38 578130834
59 10 358562288
37 58 422661560
33 69 749644483
74 17 937372707
48 69 880162102
66 58 763804788
28 64 544958246
12 62 640276019
39 38 692434476
14 28 882473951
4 19 825898404
69 57 947570288
53 74 508499960
1 17 753716232
68 52 389959831
74 38 666888663
65 49 726579696
45 15 181335219
52 28 689810497
74 40 93520212
58 2 708070687
8 34 610361846
44 40 551681208
44 14 763688625
31 27 330562749
66 43 398627416
52 1 566145841
69 15 341921597
37 71 237977993
23 55 190253744
17 45 465305318
10 54 85794950
25 51 965469651
74 60 443551295
5 35 426162006
41 11 619704969
67 3 28971501
47 69 161881972
13 17 243407166
59 48 860157131
70 28 896632485
29 18 17543845
55 35 993110621
55 12 459455356
31 58 175347387
42 27 730548447
20 40 85348790
67 6 222042988
12 14 404654798
27 39 62058919
0 41 892486899
32 55 565116304
20 10 739661
66 40 854485492
55 65 330836419
9 2 640376493
18 44 327732256
34 12 761032667
59 70 341538728
58 48 370079778
46 10 37765928
48 5 936153990
0 55 922843814
59 6 208542708
15 20 860632605
27 45 907119033
42 54 409247534
58 40 345072245
23 68 473085267
9 41 168051234
56 54 965185183
10 2 687944292
4 27 331647888
68 9 873583423
53 54 150555019
70 5 289698776
5 37 938983542
66 6 917242158
2 57 109371831
66 37 528855514
41 0 360684018
9 53 366555069
74 15 904870430
54 11 219892937
54 73 295647081
34 73 117397751
25 10 654550450
29 51 995454678
11 25 486457800
4 21 166235048
46 45 356502206
32 19 800699306
48 6 623312843
42 7 553192982
7 26 281855593
64 41 893272436
52 56 96196071
72 0 117139598
51 67 571188209
23 22 522754172
13 41 745309732
16 50 325016353
37 2 536947240
8 65 615119
55 18 737322444
19 45 277921551
17 37 314887344
50 12 955073569
12 46 574148907
56 9 263006385
7 52 553282227
50 33 477304371
72 20 855827552
17 66 582273468
24 62 298265810
40 66 170839195
8 71 304756913
17 7 284824815
16 20 939939914
63 40 97238114
47 66 751227029
56 32 463774510
56 49 399621992
8 16 521912406
36 37 666443015
2 27 372697769
14 17 313466071
30 11 75892859
33 25 276629708
16 47 536635700
48 67 557708935
42 66 907358393
60 56 714232644
10 14 182856358
51 49 636890353
28 53 354388951
23 27 918385588
35 11 896303103
4 18 124949040
11 51 643071440
8 67 349678679
47 16 487695318
54 57 226306007
67 56 403324085
46 50 970617911
48 57 541814645
58 30 788507063
62 61 535011343
11 12 641171298
67 24 161977074
10 59 280360065
37 28 524452875
25 39 77375946
9 71 732960037
73 43 333216627
49 64 392733264
51 44 1349644
48 28 613630709
70 4 237825496
71 30 48188992
20 50 499006308
40 38 612141096
59 65 687830337
49 2 56351045
14 33 240607491
55 19 785244353
6 5 562485654
56 61 369827916
41 63 354087799
48 33 746117711
4 34 293005574
32 22 675573673
22 34 481015551
59 61 360477404
37 35 142980725
14 51 952149790
15 69 540118625
59 21 846684729
23 18 933929415
60 15 239907224
63 47 137377390
55 59 2651151
5 48 141392181
70 59 249373373
36 4 898957746
25 7 768977883
47 10 951787410
64 61 884842232
14 26 353038646
67 7 295738469
10 22 72333887
70 23 75537663
26 45 261976352
29 70 27732498
51 24 295092261
15 0 246943238
40 27 296563198
0 63 977334687
4 3 501528173
25 65 580196805
50 62 225620728
4 6 859390025
52 44 157032782
53 55 412499900
72 68 924191979
62 42 557932980
33 73 474252439
63 55 721431179
57 47 157158998
51 71 794055870
57 37 520751270
6 18 593041665
7 63 893310164
58 43 556130841
40 0 551952831
37 14 277308020
0 24 759638154
21 12 74082499
68 71 944400072
35 48 631813399
53 67 233079456
57 38 884857389
37 52 530041209
0 4 290012361
22 6 615754034
0 25 482900357
72 36 784452128
38 31 648109495
66 18 132927292
24 20 203232729
39 4 738581954
21 15 450996634
12 31 186105482
47 52 291464810
1 74 295162318
65 17 94632441
47 67 106490935
57 11 876082542
45 0 258442794
40 1 218343461
65 61 496198094
49 61 324557079
20 67 453058171
4 56 316936039
62 16 26147899
20 13 942198118
43 67 290849513
45 1 465394211
27 17 949898160
6 72 975815152
65 1 128194541
33 16 141921718
51 9 128746248
28 61 796801001
71 47 916350573
62 38 33310838
38 50 468228216
10 12 194098610
44 36 830906662
53 69 318879513
23 5 529741396
52 2 374783459
27 13 917064679
69 64 738300423
31 14 707873204
68 33 652814204
74 6 293730715
6 7 801734503
25 67 988600178
47 65 341888175
8 17 672538262
29 25 560169824
42 21 37279832
48 62 105414122
69 37 513595588
67 47 425424744
26 36 484383635
69 68 267787480
68 12 996994615
70 60 514402469
15 60 891362781
28 57 819638771
21 10 629856304
55 20 320162164
29 8 769242890
0 43 322204870
59 7 109686246
34 21 787467803
37 42 123750358
58 53 669612517
74 58 320128463
65 45 401817955
6 19 577251206
55 42 570928766
38 6 914656496
49 73 327011555
71 12 816296344
2 67 341172981
7 44 918761689
61 10 866535719
18 8 540737699
60 0 358559492
59 50 569574999
30 23 79423704
57 31 213546089
56 57 293905486
72 5 437167731
22 9 81747238
47 49 845813003
70 10 50241288
2 15 679093220
8 12 605476078
25 57 864807687
34 4 408688837
0 72 390348302
67 18 852830663
41 58 528556600
8 69 290608087
31 20 501225326
15 2 47262879
51 13 276764002
24 52 655194695
7 43 613649828
66 68 728539818
24 0 790439669
53 36 128312965
57 33 536522445
21 55 672491326
9 13 254863932
20 3 332090765
43 60 201737776
30 32 609525979
17 49 263173141
21 31 372577991
30 12 265126813
41 45 769093104
37 38 158466517
25 47 275808054
11 38 767857126
3 72 614329054
15 68 747105613
9 61 133060439
66 19 614054931
54 14 275157705
42 72 659579170
21 29 5612992
9 68 948230818
26 60 910755570
15 73 556263567
29 47 965856703
27 31 501037888
50 23 733176581
21 42 783867241
24 5 994896226
16 17 839551590
35 44 387981143
50 60 135356372
73 11 870615611
27 51 156704235
9 52 344744206
52 50 106901399
26 73 131651012
61 13 556767677
49 56 368177245
48 23 563545731
25 3 278951021
42 24 798388925
27 70 158576238
24 10 326731917
68 20 166162615
54 71 751960145
73 47 891809693
56 67 475193022
27 29 494474877
63 44 247668808
68 35 294049511
73 44 320026077
17 61 506881596
51 3 4709792
53 44 860051671
4 51 777139759
17 14 262089199
2 34 735512352
26 37 792076123
48 50 319843925
18 12 734896416
41 25 285419307
1 47 142469834
56 28 791999415
27 26 383563178
65 71 326765274
22 73 941863277
9 45 840012927
1 73 351068643
60 39 805349252
49 47 102413207
57 20 823336605
5 71 38672210
44 23 426025948
24 27 928669587
62 72 20869603
7 35 54723122
66 7 974658842
28 38 802274290
63 36 596582938
62 34 11370124
23 52 319901207
34 43 302148221
6 10 796205400
52 23 547306942
74 63 174052852
22 56 189598415
61 31 826544452
67 21 604805056
20 72 30498886
0 2 839788080
40 36 590252741
20 34 363355614
21 36 53532068
43 22 557226670
27 54 666424156
33 15 262606293
69 7 750248798
37 73 381835987
6 13 606100212
34 45 278634981
12 20 256989255
24 47 397105236
11 10 537557031
28 68 886790159
55 53 453328430
53 66 765753565
57 52 928148841
32 2 69627299
12 39 259986205
53 31 498211741
62 35 14257385
45 11 736671030
69 18 969374819
72 69 459739795
63 7 156938183
50 22 276730326
40 17 233878305
52 0 562550702
13 48 526413457
41 20 390917350
70 44 82903881
51 59 217739459
24 72 356212830
42 38 159043320
42 73 781914789
55 37 275369992
25 52 609295059
59 40 558483677
8 14 569437077
31 64 705152523
71 60 112024927
57 25 704720908
45 14 550569811
52 27 837840816
51 55 915138314
51 32 622681449
21 16 329418615
72 53 28403290
11 61 865363383
32 63 304875468
52 24 57434016
46 65 698535987
46 28 658003921
3 65 200972505
11 45 260169931
72 49 608748784
3 7 52958700
15 49 219899436
25 69 953684510
31 12 621105927
12 13 356383638
7 47 834254494
20 29 878042416
72 42 248271829
62 71 968867309
67 13 242148891
67 5 928652420
11 6 433628274
3 40 375996348
67 0 985963520
31 69 75181132
16 8 788744731
73 28 572755282
57 23 704970207
44 67 779203684
35 32 1897665
48 39 604799238
51 73 68865655
7 0 716125659
58 24 654488267
21 67 966459673
4 72 431563593
26 15 326366892
37 64 422417798
73 50 133783162
44 48 153348493
20 73 322183182
37 56 104128016
58 5 863302091
59 46 614265880
38 53 911361383
1 23 627703140
35 38 514431595
69 34 640996695
42 49 263977072
32 35 678301531
1 51 836097751
62 22 699839440
69 40 431591141
27 64 815177557
62 6 403668013
6 68 619981206
23 6 561127090
63 12 70005299
45 13 589624327
23 50 13322658
42 11 679108361
3 36 136036680
36 5 536327609
6 24 872336839
44 69 378449594
30 43 548989648
23 48 174005972
67 37 953068016
65 64 160635775
11 0 754673664
48 27 579455782
57 34 965659898
69 66 248207224
23 35 122263878
43 15 412312850
37 15 108142895
58 0 411030150
43 27 603392685
43 72 911962550
22 72 246508433
51 38 196798112
24 39 258141275
62 19 390458870
66 33 870001199
28 29 149421147
35 25 915090613
57 27 409878239
66 72 217055987
43 71 403444632
62 20 312491697
71 41 332747009
50 0 696986087
45 60 557159758
65 67 321503655
35 23 913786090
51 46 365916662
25 2 632618311
32 6 605887936
53 19 622883119
42 8 943901906
70 0 764197449
73 57 951311711
40 23 802272670
68 30 171549605
25 53 771737147
1 70 139304990
60 58 480760876
56 18 42153798
33 54 870595924
68 74 315471809
9 50 292009320
59 0 169543064
30 49 156073669
30 54 417835362
63 49 419913455
23 71 49083071
42 16 628124655
20 27 741845348
34 64 433717723
6 40 752336974
4 44 601600011
19 6 546815174
65 69 195620129
30 47 279861242
0 8 419965247
63 37 551052519
53 58 228194116
5 20 362169
72 10 519582054
25 14 751740806
66 14 17942011
65 25 604836765
69 47 934191733
23 32 83859826
67 59 293862205
22 15 661857001
25 63 35033519
26 70 591763358
30 25 88343049
31 0 280677984
46 9 684874934
46 20 219828811
61 74 107868891
32 38 94588114
34 10 26803763
43 52 591587424
37 70 829588472
64 52 166456672
30 59 102464576
46 1 616606706
12 71 750802885
63 52 468278353
40 18 549551452
46 52 68171631
27 68 417377791
1 46 237986606
13 38 821537758
58 1 616703425
23 2 966160735
34 39 21100496
44 60 841654907
23 67 845559575
52 71 434130851
59 41 984221806
7 61 33588043
72 50 134891387
12 48 993615752
52 48 736539989
38 58 505520235
7 48 710439246
44 11 250888905
16 64 294103923
32 47 652759144
15 52 900918894
45 8 294323730
19 11 966901382
60 4 750254336
37 36 23565759
28 56 829835814
60 71 840929529
52 8 367602167
5 3 20445292
1 55 146928864
19 48 582324691
2 65 849705004
29 6 706012851
62 64 799811272
15 56 69691636
16 65 868572098
29 26 438291941
66 9 421510166
51 61 564637037
16 68 182335753
31 34 47529051
40 25 280976716
60 28 296203459
16 71 61415437
16 6 667071807
39 28 328604694
28 15 90777073
49 54 299179688
21 6 708486908
10 49 728288345
62 1 667045755
54 1 710091591
28 9 446285456
36 67 23919322
64 19 678365926
0 39 855285128
38 45 601326532
47 58 709315686
6 20 374341261
66 25 630418845
23 61 432579455
13 33 102512246
20 33 328995373
0 58 506867458
70 15 155585945
63 66 304018038
61 72 609513983
55 27 863379973
8 44 52208305
27 0 613040531
56 24 132833309
12 74 120399919
71 51 721929705
11 34 544883237
73 34 848537645
50 73 390501342
5 18 390248448
20 26 422660030
39 53 330569832
8 74 634964078
10 66 371474847
62 51 403360075
46 17 774885090
40 42 80751473
43 48 532085330
72 18 721858285
24 8 71456705
10 47 733456050
38 60 828945848
32 29 941453682
51 8 885955373
42 62 404119825
24 34 735746797
45 46 423747586
37 41 538390346
33 61 727141745
0 53 461772983
24 37 348100437
69 60 277925660
36 28 448040423
3 42 115205065
46 26 59038365
54 9 297838584
11 22 142890534
7 27 554701408
63 13 481761905
24 40 389956803
45 49 428059101
25 4 137630469
31 38 161285183
34 1 74277796
12 33 945723872
28 0 223546648
9 72 577682954
50 53 564279682
44 46 575190850
21 69 594476456
50 8 95683342
66 61 768232794
61 65 299513714
36 11 983466208
46 60 905111844
16 7 49809260
35 50 857978124
53 38 948467944
28 70 714947025
9 21 984119810
61 45 11545640
26 12 290696297
17 47 888733002
59 29 330811508
42 1 122433324
4 60 -777874512
17 60 445863346
37 9 445973619
29 0 451471070
52 36 528645505
15 74 911893697
21 34 696828094
55 13 356812446
22 37 797140985
62 9 399609462
73 39 804082665
28 20 442496836
39 42 373010623
32 41 678107557
27 62 265267279
26 6 87709661
16 36 806784147
54 39 179797373
58 69 346360295
29 41 423200021
61 8 53289939
74 55 74821946
2 49 336988227
47 68 100390290
42 19 649660743
33 23 239325716
32 42 445297659
14 68 483455319
44 28 727522441
52 47 908200554
48 43 185269363
42 14 185860643
36 45 372332515
36 34 819217376
46 12 348137449
20 28 252455469
38 41 741953048
22 7 683389920
50 55 183309126
61 34 295600538
60 1 368485547
21 17 72592951
55 57 413265895
33 40 39101031
23 72 428087735
66 49 167831446
70 61 860279108
54 6 41155154
65 27 779328286
11 52 244349104
44 24 331239079
20 64 479590227
73 61 733166755
17 13 261355317
67 46 558018046
4 54 751781806
13 1 237568416
31 4 521623252
72 51 854767286
72 33 635262421
33 22 122903543
57 8 611434451
58 61 494390275
65 59 862254556
19 54 199350537
23 60 819870304
6 51 818379504
12 6 960158199
0 6 1880062
72 66 526974042
39 73 153032484
34 69 64730219
29 36 446084899
12 65 331418364
57 6 198652658
29 7 211547913
31 33 154397132
72 9 507400490
36 10 136166125
14 15 706814534
18 1 471498573
14 42 103069257
73 62 971248443
22 21 195135972
62 5 689469231
29 54 772487049
7 25 346293484
68 27 874047614
0 16 916554193
64 37 813822657
64 33 129356059
48 3 235284297
17 70 677631656
37 16 636484531
38 61 777811486
7 58 651489520
9 4 779301132
62 11 258047649
14 53 95775811
54 62 776043571
17 19 467837451
50 27 323610926
24 26 614352243
3 56 193457441
33 70 979110046
9 23 874439619
45 44 155058821
12 42 820774375
70 16 939396793
65 40 233055180
10 46 98454340
29 48 15049591
42 44 188770001
46 55 414988614
63 21 886023171
4 41 597685445
64 46 167144582
66 8 679400132
55 36 564744430
8 11 454395942
66 2 392363634
47 61 61557967
56 27 784592128
45 52 161799187
36 39 423208503
10 68 279457347
24 53 172311037
65 34 880900752
20 2 233972540
29 46 523506782
11 53 960776893
42 6 547346874
56 40 949091430
5 31 920920360
2 8 873460382
23 40 515688450
13 63 658830691
33 49 209503657
11 74 659698687
74 54 111710256
0 35 34647470
45 18 152220269
21 8 172495624
7 50 774996375
10 31 432643595
30 66 607634191
54 5 984742440
4 61 448626203
26 68 721783190
51 23 968737873
39 40 373534201
25 73 85941150
50 68 237526634
2 12 643931737
72 14 384700499
36 13 899541436
1 14 420078981
41 65 76086076
61 12 620551996
63 20 658378028
31 32 497889355
37 46 980923428
43 55 527641435
64 31 253719738
47 72 379509944
38 36 486994324
39 41 136833574
56 20 650835741
32 30 474891448
33 67 852303172
14 46 328928994
17 18 576157287
61 38 42757626
40 43 627277183
41 55 728895026
68 50 842388953
38 55 311879233
4 37 222493555
72 17 72472906
22 28 627503590
25 71 383230865
11 49 628884118
64 67 155465315
61 69 316514911
63 53 178590118
6 41 378375249
16 14 357627660
18 15 350382596
5 0 128717743
74 2 727262092
47 54 214737753
45 70 210772965
40 14 990466504
34 9 871669090
38 35 96314611
71 7 142983541
23 63 150376288
48 1 8110861
73 15 184971662
0 15 370423869
50 30 511184823
22 53 580047000
36 19 702072763
60 59 836254273
24 3 101634010
9 44 296586844
11 1 753595473
15 27 920276454
23 16 424314327
45 73 38594962
8 49 112750973
60 33 722866550
60 55 872335422
20 24 188184918
26 42 278889492
45 74 618661662
36 74 923021274
19 61 906951694
9 1 221350793
5 44 945697125
36 3 587477176
5 41 737404375
60 74 657044359
32 4 144613175
22 2 709027011
9 59 767842794
26 56 386731321
52 21 671649027
8 63 247010592
30 42 402996024
72 2 715817710
72 22 759227916
68 37 176855146
51 41 425086246
8 64 244653332
48 54 37191124
61 23 660124585
40 48 246211738
33 51 390019869
28 27 757061730
72 25 451217569
59 73 130035976
35 1 525865567
13 29 598040892
74 51 708453839
45 19 774899367
1 44 798785895
22 54 500568404
8 4 615859554
32 18 631408285
67 32 386749034
10 40 463066264
23 47 649567442
10 20 922966207
65 66 901449816
23 17 981416445
45 35 419501271
34 38 720516139
9 60 627000034
71 22 67041999
67 8 46298647
14 54 402084000
41 2 479206417
19 23 162047479
10 21 399334842
48 15 993959382
64 45 170028273
21 66 63038070
16 48 505960561
62 21 815971981
63 9 907734308
5 65 81596127
15 70 867685838
46 3 169136593
9 12 69942858
6 61 558009850
35 7 947580616
69 45 13588786
69 42 929061965
61 19 984529685
60 11 277982902
13 58 31181350
47 28 684023457
51 5 616197882
19 38 565444873
9 10 35492449
13 26 503183429
50 59 904500199
52 37 383419927
57 19 512229516
64 7 928473735
37 29 569752
49 72 912963049
11 30 821370850
4 14 819485956
53 12 956553171
32 1 506552534
69 59 971636358
66 69 581672020
26 62 246173950
15 11 858316157
66 26 661472787
19 13 309811728
2 51 954936065
33 38 779972713
1 69 548949067
53 26 903535883
24 49 953791083
14 13 401631105
73 21 79938237
30 18 94893872
61 7 342247872
46 30 581300066
27 20 496270638
74 69 434672106
6 17 98581174
68 18 513355525
18 27 988653402
59 28 125913166
74 4 120935873
48 30 851718800
1 62 619762545
51 74 184174366
19 29 113665148
33 24 694438515
73 33 951976195
21 63 599276526
34 23 572453796
42 23 216072031
47 6 235609149
60 12 129792937
13 45 859266448
13 61 567845753
2 7 825403376
44 16 74053147
55 15 280320915
65 3 103136216
49 45 428076862
9 14 553279333
25 32 306894217
61 17 934934955
49 51 436834034
70 12 418998276
74 39 98687973
73 41 626742484
21 7 244309991
64 38 174315890
50 34 223917883
55 25 593400579
17 25 801605419
70 41 370243678
15 46 769638435
13 51 850553353
15 9 823674446
31 50 705180816
5 32 91765423
21 65 585444322
35 46 512063612
58 20 204167357
47 71 24644299
1 68 815513682
23 0 816544206
42 53 544875941
7 40 992290887
27 36 294261699
24 36 948470780
54 28 746171860
35 17 761027921
10 16 204202376
52 63 378685629
28 59 668073258
50 49 126906158
31 18 152523851
40 55 208575426
54 65 692828616
64 73 82942421
5 58 931142439
48 59 934361710
66 35 169467104
7 6 458530051
15 41 381689477
36 60 605166518
48 35 777146034
52 9 89273303
49 58 272146186
3 46 788615380
23 57 316709785
71 8 160399250
51 53 672277573
6 29 771593168
47 26 661556265
68 69 273360544
24 7 616920979
43 0 825883010
2 1 939835329
68 64 98527617
9 70 511347293
13 65 273926246
19 0 21231307
54 10 156877806
33 59 625843118
49 13 755302033
62 54 279936260
43 11 428110272
65 72 689262390
46 47 247174677
20 7 664369721
27 72 519663133
4 43 951121323
42 18 774118856
47 50 209229001
32 62 24902133
2 23 894953429
71 32 473554685
29 19 486735431
9 56 899054862
17 64 404880554
61 41 617496393
39 34 422642322
61 44 592760441
45 43 232948810
31 46 142782462
46 2 651617018
4 28 513830989
10 17 14157662
70 34 872274994
71 53 191958615
11 43 248473488
26 30 582010316
59 19 552488283
36 58 157556755
69 51 496234787
53 59 160709179
24 25 6817311
51 37 377542902
11 14 16531972
33 63 433357935
9 28 100444508
71 48 973523222
40 44 947248370
59 58 272865973
25 20 523679607
14 72 534812732
37 25 551527844
19 70 414868702
72 43 966232239
57 66 795590384
39 57 732892383
14 19 131565217
4 35 246354971
46 22 840207532
43 59 796031536
24 66 88036216
36 47 725369626
56 16 149613112
26 10 535501012
15 1 92529812
41 18 771980613
35 69 155373927
16 31 511641323
17 74 876991748
11 58 640026872
46 57 13535370
35 16 753039774
68 1 43797610
44 21 815306231
55 30 851981071
27 5 91253574
60 3 720196687
40 5 101532591
72 32 481210127
55 69 501287798
45 33 241972592
74 35 971578970
39 58 125372690
21 54 410853726
67 34 70499989
55 73 134493283
67 31 453163025
19 42 206631258
17 69 714259985
52 60 801406230
21 37 575559701
71 42 35329930
58 28 635285027
71 43 311219696
16 56 118642344
57 5 269900987
19 52 155550450
71 16 64779631
35 72 312021030
3 64 777277828
58 33 673221029
57 16 533981902
66 22 663087514
20 38 254278926
63 48 150017638
46 14 127629006
52 25 889092367
61 54 290046788
28 67 132496712
17 68 696099904
29 16 985102712
37 32 221869537
71 18 845074579
0 32 214712063
43 30 604772713
44 71 744002425
25 33 574768439
64 1 766579784
10 64 854093291
22 46 230271454
22 69 90213637
28 43 372691474
26 66 297503081
46 62 387097409
73 18 12474680
67 42 870162487
60 62 561432666
55 64 378658472
18 21 174541053
7 36 992986593
26 32 546363504
1 54 946466203
39 68 912710694
67 53 252060671
3 35 32267427
7 4 671233225
37 31 830034105
32 65 483951079
10 43 413904703
26 61 500407908
31 17 564407204
35 14 135913755
3 51 301456182
6 11 433806285
49 1 34728062
12 67 463318222
56 58 130968827
6 25 672094801
37 4 893560446
24 17 881377445
16 23 219679810
14 61 148990170
56 43 707523314
60 37 673400837
37 63 213201346
16 3 971425043
71 34 561202732
24 6 762133093
8 22 416146900
64 70 992397708
18 20 19901239
69 35 644664870
67 71 36927
27 61 857302619
70 45 472987977
53 65 299039517
39 22 489094520
54 55 277379430
40 10 404974199
49 8 293914368
20 36 812730447
60 20 1928095
17 23 279514710
28 73 451251176
61 63 924126397
41 52 498480562
2 3 911333818
12 37 653282315
56 0 549766140
17 50 401458032
66 45 616296862
64 49 115682780
3 45 870558322
15 40 202527219
10 27 183203292
50 57 122775329
71 5 840117404
68 0 562441359
23 70 204629219
45 48 937145451
31 71 103714163
26 27 224795971
17 40 560015556
48 32 757177541
19 31 587588656
27 48 578870471
69 72 527221263
48 2 266651662
1 60 654877319
7 41 594993701
18 0 187159980
21 71 365329728
17 6 323358065
64 11 783838404
37 62 995916159
35 63 717438789
18 68 766039258
43 7 907598564
9 64 126393091
61 24 993880867
47 7 668208264
26 71 909178445
66 64 531065015
38 62 62052102
23 44 379326657
42 69 134547202
33 13 712076516
20 55 491653455
62 41 415807981
12 59 676474680
42 20 251967046
27 53 143502013
11 67 960125778
31 40 135878491
21 73 442502984
5 36 197023207
38 46 111493528
1 24 541102151
9 55 345839612
10 32 589913961
33 71 764212783
48 70 228913919
43 73 145027319
50 32 708101064
42 52 49395312
3 18 741588703
35 74 583681504
13 0 629940136
53 50 361840342
36 26 778138984
58 12 269675274
22 38 600105031
46 25 641329269
46 37 782685065
61 71 510598494
45 6 747479368
6 36 431009055
8 73 427025689
27 63 423246818
73 49 16435596
55 72 284739284
8 58 373695259
17 72 998651198
53 45 137904550
26 39 548831726
60 19 64034023
11 65 169157649
28 42 613228657
17 32 559133315
35 73 458486896
63 31 201872561
2 45 176578722
45 67 500428095
33 47 215514862
43 9 655010525
62 49 180470073
34 49 981491201
68 60 255786705
67 62 612226094
48 26 936359324
45 37 774591411
7 28 814956016
7 30 971341526
35 49 762906881
5 23 742015994
57 24 806467544
65 37 770157966
49 48 412135556
30 35 788457680
25 55 918680947
2 42 285104732
23 69 187062305
63 5 76975720
65 4 652092865
11 28 276948550
49 9 100017833
0 11 982088459
3 39 266634956
11 31 743396571
65 5 120433784
47 55 154926348
48 55 738709156
25 70 510603373
9 29 423625090
72 74 736033761
36 22 369599825
23 13 408695211
26 41 448533694
29 68 689378141
17 31 252137894
67 33 177512074
52 55 9848603
72 46 276593781
40 9 866036340
54 67 888815886
59 4 599378247
13 53 396204589
67 40 446850553
16 62 943236798
9 20 259369786
57 13 52899270
66 44 223919930
39 36 508630186
7 15 383663586
37 33 483922135
56 25 970666993
2 39 693488835
53 39 994809637
12 44 624537523
31 15 116696908
8 52 689882876
5 66 464261989
53 29 199034812
17 67 611367453
12 72 996641964
71 65 842040768
71 55 92300764
63 64 591008451
0 73 502632410
70 42 227695553
0 57 599832528
16 49 146008311
32 66 334898685
54 32 980229407
13 34 783053399
21 13 955954234
58 49 896801835
59 35 922045004
52 51 265099108
47 53 261530251
22 10 165529748
55 2 546922804
13 43 770325069
52 15 370944706
52 14 733903065
73 71 231576427
18 61 522409888
23 43 987144138
3 74 737695614
48 25 137799008
43 26 757717544
11 9 478178553
0 44 8644884
37 47 240035678
16 10 599363250
33 21 917957837
5 12 329410130
36 46 926673101
22 25 407211175
36 29 157499372
29 24 941464655
3 15 263953136
44 34 520449979
27 47 637753442
70 35 910218096
0 69 343088262
54 37 256733403
9 35 592408273
30 9 666381166
4 17 755369944
56 21 629222155
37 43 48505851
28 8 954907857
73 22 855739497
8 47 510790029
5 9 608489056
0 42 911494141
30 44 728939717
49 3 263742580
51 36 310313272
46 38 31183616
67 72 938334749
54 46 573355219
37 8 228142244
26 69 916738312
69 73 66351752
10 24 997917575
71 36 919389995
43 56 778935569
56 1 312823067
65 26 623818823
64 30 667497410
25 11 812684040
74 11 957264324
2 73 908345709
5 61 757584860
42 30 51428925
44 64 842081505
46 59 636610344
26 54 146876270
71 29 527895669
9 57 649337087
61 29 686602951
11 18 452926308
7 3 730159001
38 72 999042994
50 38 245552087
17 27 427782251
12 8 48691568
33 48 271949553
39 30 402146186
33 6 622649994
62 32 925636821
18 25 875525231
55 6 809535329
24 29 766789601
43 14 116160738
27 4 761666124
34 70 873208215
18 67 208861878
55 16 650095464
65 33 976655213
68 26 826260250
44 52 725028767
16 70 734445931
11 48 310834260
64 56 60825421
10 6 982556045
21 53 935092760
67 22 350826906
57 1 208344426
74 34 981475665
57 60 228485690
47 13 257036928
18 29 131439212
53 4 901247361
54 44 256657979
16 37 747432039
54 61 466326397
50 13 895630838
10 3 938194223
33 46 325415100
60 22 460881383
8 51 585507991
42 13 447843545
20 60 911378915
9 58 224284101
66 42 55801924
35 40 150640873
68 28 63391013
29 61 728465769
53 7 256096085
73 65 224377276
42 61 403842389
69 24 245408244
64 27 695482196
20 8 54102256
31 51 792004041
59 49 353750797
11 36 607956941
17 63 900366256
26 2 29331889
41 39 607668450
74 18 141275188
62 53 636132450
66 51 269324424
73 67 913945188
31 7 862197596
26 21 64431980
60 67 833234712
67 36 470555901
18 10 418386283
19 12 96811322
22 19 533814902
35 47 19320000
12 47 59385307
56 41 917641319
4 65 938706786
6 39 124407488
20 30 314317239
66 16 359644979
28 72 831580025
28 5 465260592
3 70 377585138
17 41 881819393
64 29 961942453
6 52 254209263
45 63 546693077
7 37 520653634
3 67 892546089
47 11 215083740
53 62 11667107
59 43 873278304
9 43 771689313
16 54 838302916
2 36 838418930
7 64 732269797
71 63 18695207
1 13 508710690
0 14 761205779
29 9 157484020
9 8 306991374
44 33 380378972
5 16 585981348
24 56 267278359
65 15 382481106
46 34 415079924
28 2 628692250
3 29 223834779
12 24 977541556
57 55 766382365
3 54 881856258
69 38 866477874
73 3 311224703
45 2 243096946
47 17 569173221
49 6 226485362
60 2 929595510
73 37 533792306
28 40 726150641
72 44 438790671
64 15 556232722
70 25 41844244
50 18 498566539
45 36 119559360
16 30 469728345
36 66 426231325
37 6 788480460
46 8 419006694
49 35 359698900
72 1 461761065
24 60 505585477
63 14 199184120
57 68 645706657
4 0 345777112
58 35 934981593
17 24 660640924
58 4 13489828
34 37 626567326
39 69 553026609
49 28 788724538
69 53 656843969
30 3 696835123
46 58 825840899
17 9 869312306
54 69 958761104
4 45 936437269
12 26 472114893
61 30 781496092
12 32 798992237
58 63 713854897
63 28 31242674
72 55 637627257
10 41 214724073
40 62 468087751
61 25 937047072
30 16 815511833
52 70 918103909
45 54 705072163
71 68 935881062
20 71 138638621
15 42 383590747
26 31 166419188
1 4 765344378
16 13 809494123
18 24 938342134
63 25 287938319
6 45 491046210
31 36 321996857
40 64 470223841
7 29 499120423
41 40 424658572
46 49 788466510
73 55 224335911
63 60 678938875
7 53 525628267
44 8 70809325
20 14 104753077
16 44 644709957
20 23 884999057
67 50 56996578
74 23 350215161
27 19 652511242
53 33 143996100
60 24 15675420
55 28 483789357
8 66 684310571
57 18 675777309
30 34 213445272
0 49 885473492
51 12 640294791
46 4 704224118
39 65 184392654
35 54 290632054
56 42 900467287
61 59 392973114
55 26 738261682
18 14 59158580
40 71 760860204
29 66 362451211
10 26 626585341
66 1 825901653
15 62 146058341
70 13 500858303
10 51 812936562
52 54 343508608
29 42 460462246
10 11 994317913
57 42 158266810
1 71 148618187
27 73 324483155
22 45 825670053
73 4 729480264
33 29 326761880
14 45 330304798
22 67 858297617
31 43 766343633
12 66 786782031
44 74 685701313
59 67 484356555
12 68 864516897
44 38 870096539
4 39 112010309
15 10 791473565
2 30 846126608
41 31 249004028
67 15 555497776
15 30 629893897
34 3 92845581
32 73 457389219
52 13 346270726
3 66 100278891
42 65 968595134
0 60 122638807
25 64 50655348
28 35 948013896
43 57 215108871
25 60 364732307
31 67 237324635
58 52 655486111
35 55 173566621
37 57 522040868
60 34 715117457
45 69 893784296
32 70 132612335
69 65 810089663
18 11 510434404
58 10 973393435
17 28 871045707
38 5 532172025
48 0 77259577
37 72 964214350
0 20 248074724
72 62 269700890
23 39 45034738
59 57 562095399
16 9 861876811
67 9 496157097
65 74 993793184
70 37 644593420
69 61 125679043
34 33 113267291
45 28 101550231
50 71 883061870
32 50 495262380
6 65 808515966
10 48 175391967
50 61 685707061
26 48 127516388
34 6 502603094
11 21 130623309
55 40 431879296
44 51 672283491
71 0 426013134
36 55 319504637
38 1 818459259
34 25 970849840
26 40 873310051
16 59 123959396
47 43 624242670
41 54 63737698
54 59 354612397
10 23 222823237
24 22 961687852
47 45 406149667
3 61 685070282
36 70 624851280
14 11 229839475
28 49 354476635
31 55 85127014
64 10 946713640
68 42 986966395
31 6 154765527
27 12 49966238
3 49 980597509
4 59 938950607
59 22 961527727
26 52 792669203
70 65 834004732
49 24 391883867
69 12 430368894
35 20 487462109
16 67 483401798
4 25 306041591
33 11 400279038
13 39 254898997
15 18 366038174
49 7 240141555
39 74 466566028
19 39 69242049
31 16 895680660
72 4 162654395
45 5 843307650
44 32 710937966
51 28 521359661
16 38 680306087
56 70 286363084
61 22 178203000
67 55 484237302
49 22 810918820
46 66 421628132
36 57 783769756
48 21 651651212
59 53 976000598
57 67 965452717
28 10 793658475
43 29 257750516
2 68 51025482
41 9 650516220
47 21 123615374
40 39 396220654
50 41 775493863
5 29 4377543
47 57 232525549
74 21 355866786
54 17 432112053
73 14 427840040
67 26 520065061
71 3 920987520
41 7 707314790
4 38 922035008
0 40 626057236
16 60 926852206
28 11 328275387
70 47 973237553
28 21 369452381
34 13 814585664
35 30 654893705
7 23 371436609
40 21 568482398
11 72 93356825
15 6 183850590
39 66 271642092
70 3 447351797
45 59 915875491
29 23 646486096
61 3 931786770
36 24 265367001
55 4 180089895
3 34 535278785
61 51 403208986
40 26 871000067
28 46 285587440
6 59 544850075
62 59 716193328
2 18 497510633
52 67 407496542
16 46 358156295
4 63 576536461
17 0 545861600
73 12 354821721
43 8 994921410
21 33 835925895
47 18 937110879
70 64 431818793
29 28 379902913
58 73 358026112
48 45 612525483
16 22 849657267
19 68 231016710
69 41 426484340
30 39 275412294
50 72 250357189
6 57 468362150
52 12 164393476
42 60 524170300
53 61 855210602
6 64 882791136
43 36 599375783
16 72 204812028
73 38 860898109
2 63 356248536
71 25 957790556
34 58 639146606
43 18 206946826
10 70 187621785
57 2 390020538
3 4 226392462
40 50 623653403
26 67 718832166
13 12 595120672
50 43 320752678
71 26 113184428
72 12 95444685
55 68 980678860
6 73 301852596
67 54 804813085
60 52 276420471
27 30 486839836
51 63 979832345
3 14 300479245
2 32 199079001
7 51 364983103
53 28 642541154
33 28 341428029
66 12 20357096
40 57 142972521
53 49 414520621
43 13 334582386
4 64 456772929
8 54 691682437
30 36 930699515
6 32 444404562
32 45 506242130
53 48 253822813
5 10 990129494
53 10 828125700
38 66 701104936
35 24 659514229
31 53 247891820
66 57 494565994
33 37 817152878
57 59 542612114
52 57 148144951
9 15 861145748
29 1 792606501
72 52 279919330
27 60 218522315
51 64 836433573
20 44 280888318
41 10 819851691
61 64 491897040
37 23 584538560
36 12 511925082
1 39 220807543
48 19 517329375
65 57 4364830
24 57 519660388
19 22 383413705
40 4 358630374
70 2 965041708
30 50 98440288
12 61 482690605
56 11 969885791
49 5 864036312
62 33 203115673
7 38 953228671
18 23 684778532
69 39 174947954
5 73 677498676
7 20 985709910
1 28 701399658
51 48 787977610
54 22 181090182
64 13 886277405
68 23 143152870
69 67 516007880
38 23 805940747
1 72 680584719
73 66 828208257
59 42 256929466
27 2 563167568
30 61 661823232
8 43 828189998
7 55 580385190
14 50 320311319
62 50 635363402
18 66 280580228
22 31 541894031
19 74 739253149
55 45 245983680
10 61 215129996
19 20 329743292
34 67 709968362
12 36 713259309
47 37 732677058
58 38 767211276
63 72 149833732
35 71 417730091
31 41 389586589
36 7 756033014
50 5 671602474
70 40 815719982
72 47 804997267
58 60 763927944
44 20 373831093
43 74 957094210
14 64 614173343
6 44 626782095
59 72 245942133
29 62 987505697
21 41 324248828
68 67 914383893
13 71 871466737
2 74 181699720
15 39 699320496
16 39 797036261
61 28 253047114
65 55 378975865
62 3 665333821
31 2 364388805
14 36 379900661
17 46 159111781
32 36 970862361
50 26 580980626
67 58 523527946
18 43 132428966
56 47 238492712
4 71 692058260
24 23 664412855
59 37 875566400
60 43 654183374
19 60 547850439
32 3 7867269
2 22 634377006
63 0 236861419
74 49 726111169
67 11 542132841
56 19 308354129
20 63 74814707
13 15 51690128
52 73 837101023
45 9 195598905
2 62 369221287
36 69 754167899
34 18 148181045
23 73 308753712
34 54 4564070
52 16 791673480
22 68 217665624
8 46 230002163
68 29 93531515
0 51 632290290
4 69 12986289
19 26 467408574
65 70 660492548
73 42 122418771
62 63 996751295
71 45 91605673
48 73 950552227
39 10 40451561
36 63 990074141
69 29 293017392
29 3 369537137
41 29 239413247
27 23 628584774
15 25 767710123
58 11 522879943
55 23 260350833
11 50 405070202
23 33 882563262
62 13 639904897
29 39 723830674
70 32 84166783
53 6 918307933
26 33 976785790
32 74 163597358
7 10 923847485
9 26 976101207
29 74 221637850
27 37 423726590
73 46 475257026
52 62 27021861
12 28 176700978
25 42 373095841
74 22 941913618
40 63 444573355
33 31 645180697
61 27 616229411
32 11 67207040
12 5 36746061
40 74 557218923
42 68 598729183
46 6 316714326
54 25 693134555
63 57 975605691
30 71 613373692
1 56 647789439
62 68 333694257
59 39 609833589
5 52 119586794
2 55 226369162
49 53 657359503
61 39 742734060
56 38 465584152
30 57 71451735
56 48 605559659
13 57 816192537
36 71 668976884
25 28 342078605
33 44 513142358
64 5 925600778
14 12 292616223
38 9 25679598
18 58 341997915
32 13 137332146
38 7 515499456
74 67 583948472
1 11 848176403
8 38 177073787
20 59 308157367
17 55 908615
7 33 604621982
56 71 190052756
63 62 763086353
73 8 919290890
1 49 826084740
22 60 736150816
26 44 808669416
42 32 482780837
54 52 183477932
55 71 243090490
14 1 561266657
28 66 770246589
44 42 894259131
46 16 265873545
44 30 708114063
55 3 602797562
64 43 971651095
28 1 605709087
37 69 762971050
8 61 964364811
29 33 987816988
60 38 497823855
4 33 788439288
40 60 115419326
26 0 925981420
55 70 323909007
34 44 471324205
20 22 345792580
43 44 816520471
70 68 301498934
69 70 460257713
24 15 443841591
60 30 569420002
2 43 464415788
15 59 128696934
43 4 375229455
32 43 196576077
74 62 263906603
61 37 273237946
7 14 77213350
67 69 978387438
28 25 179900403
72 58 385513666
38 51 654630330
66 17 94250438
65 52 634190430
21 5 30311902
14 32 18493975
6 53 685293005
67 48 897801307
47 27 457741149
33 52 611488449
37 59 522772193
32 52 671413997
62 27 52489047
2 64 594859407
38 37 649905583
34 16 858980102
32 44 682645806
33 3 805756454
73 64 944116361
55 47 579678062
31 74 390408344
62 17 404152926
45 64 27850428
58 13 437384599
49 67 575563349
13 7 191486469
53 71 21422498
3 33 399906649
41 49 303764557
16 61 492737678
74 31 286241414
13 44 716734894
43 49 706983934
30 62 371687153
10 53 440244980
27 3 530204515
32 46 972103366
47 36 522448333
47 15 487390033
36 6 405161280
46 0 330105065
70 74 481275026
62 23 828078253
62 69 515267948
2 11 598087107
13 21 395582940
57 54 -330288061
28 50 318954957
52 30 846382584
25 24 808244612
3 60 220829516
67 23 744920897
53 23 415777803
5 62 695533959
47 31 381774099
69 50 84055370
63 18 814975598
26 49 783792127
61 43 561700814
60 70 369660107
4 2 882569120
42 33 643534879
26 43 170202105
29 27 922352517
45 50 591376464
71 23 639819540
21 45 742048374
54 38 76604529
69 5 231459636
9 37 365780643
59 24 805741769
30 17 988644565
66 0 573690290
73 29 957365179
39 35 642596562
71 27 797753145
55 14 65222977
64 48 413061379
50 10 591115189
39 43 537502931
70 7 232946001
47 73 521653421
40 73 594323445
63 19 657142838
57 43 679872347
70 20 667314657
28 63 719461673
68 66 479363020
17 36 830138379
30 65 672699543
49 32 369428074
66 36 845433670
42 71 926203537
60 25 374349630
44 39 398929433
8 33 170080408
2 25 677570978
55 34 989564615
40 11 788254729
11 71 702306921
55 50 552078548
14 21 692537830
35 8 238774626
30 41 161547287
49 39 717941331
9 62 842078799
65 18 702971517
39 7 525643215
74 10 637987562
44 59 569844988
36 51 425266452
59 52 596532772
62 46 293594538
14 43 170578006
17 65 95699888
74 5 514840093
11 39 670092449
54 35 327747804
31 39 464585024
59 25 91772542
14 65 446382668
50 37 145276466
8 40 405287138
32 8 838136265
40 30 295027540
3 71 369784881
42 22 555031424
36 21 289637261
57 35 382837988
49 55 417023837
72 37 480568401
51 47 491809271
6 47 561154397
49 34 564875890
41 26 52747634
42 31 108130979
21 72 111080103
21 47 574590471
4 16 544965168
24 9 368977074
22 8 159269634
74 52 485936498
13 55 203924165
72 15 775206069
64 18 579058219
55 58 176374261
19 41 429239471
61 52 551695947
38 12 848630700
31 10 243496301
30 15 813356437
33 58 344622750
14 73 192814538
61 18 122259818
2 29 562887181
64 39 234958449
10 33 811806516
47 4 378471709
68 70 226153261
44 2 936048321
22 18 567921048
68 14 141033385
50 44 466323117
28 69 335145984
42 51 653254349
38 2 247261389
56 53 821906673
56 68 585506769
69 33 645545229
49 46 615282798
16 66 477417160
24 46 439996332
54 45 581748488
5 22 994356867
52 6 382748788
61 47 262123557
62 65 465837671
50 1 599126330
21 58 694223058
41 14 362872278
35 4 600300431
70 53 132047034
9 17 931294382
74 25 122547985
46 56 348575905
46 63 11090725
25 68 837914579
64 60 601152684
5 7 521734628
53 21 936147078
19 21 499609026
2 6 884473307
21 14 336943843
62 52 478152764
65 10 314269350
41 61 188933526
49 71 291912921
6 14 448925227
25 1 653118530
5 1 35053336
24 31 867224949
30 19 773808342
65 60 115888579
25 40 659833118
60 10 606119040
59 66 939126892
31 65 929246401
68 2 826215561
17 12 683197394
5 24 606857402
20 52 450219175
26 25 182777853
63 17 535468313
66 52 114084423
5 40 461553790
30 1 795581538
64 58 359325608
54 40 916368819
16 43 185712533
43 37 579826074
0 9 52621138
54 0 141199031
57 36 843471096
28 3 941868176
70 54 150455831
39 37 258445386
71 50 494069520
38 10 318578343
34 36 716906106
42 10 20979921
30 29 944354491
0 61 782209801
51 16 546176933
68 19 130531624
42 3 423347633
73 52 762083142
61 15 571284819
34 20 460136787
66 28 161466000
49 15 772750946
11 4 591195670
37 74 702863641
46 67 117448606
51 29 547671092
66 38 976990875
73 60 674226430
56 62 105624424
38 33 980548776
60 41 397244515
50 9 589649109
60 48 268336507
38 67 85970625
36 1 631487121
4 10 13184472
62 4 247722478
56 73 675542899
45 42 65496388
50 25 94022325
53 9 563239910
53 40 198649511
8 55 452017250
44 50 380883746
24 33 567958099
73 7 302949544
37 67 488679507
48 12 768780395
31 3 467812787
54 72 399305068
33 42 667598467
5 42 984368360
41 48 87195167
37 1 928912973
70 66 743875675
52 22 535301464
71 40 52248375
69 6 868931424
4 52 119698985
56 72 904717231
51 20 893394644
69 9 324989508
24 65 84536960
57 70 974065228
33 41 73173898
61 73 344925764
10 69 542331282
