25 298 8 24 20
3 0 759454273
12 11 459114584
17 19 483736354
17 0 114459746
17 1 508310004
17 7 427823547
10 0 107351995
23 3 384973809
7 11 500223679
4 15 889399207
4 14 862030347
14 9 740317567
13 0 519644147
11 24 249493524
17 11 144500446
24 1 460668472
22 5 554610106
6 3 339822196
6 0 379369120
2 0 795653967
12 19 131741541
23 17 597767195
7 14 815116236
24 3 546514753
3 11 823940628
12 18 -36911061
3 18 61793692
6 1 144686897
3 10 120939110
1 23 294738604
4 18 702083374
6 20 497185854
2 17 924642198
15 3 236646869
21 4 662564867
17 9 583271799
18 12 169109900
18 16 934412265
10 4 764232159
11 1 239126228
19 0 741600210
3 8 134755946
14 21 899606968
19 7 779994361
16 12 607531475
16 17 403472665
24 11 42791000
15 9 269041263
17 24 391739373
19 18 468449572
24 2 177584734
0 10 358280947
24 9 428321071
4 9 645011001
17 15 923156039
8 14 341564542
20 11 406432717
0 11 467688182
16 22 492164719
8 23 492047159
13 1 558773963
12 14 806260454
11 21 388205379
24 4 444587412
13 8 440352633
8 3 214809693
2 16 768726887
22 13 410361897
3 21 339690267
21 16 830964063
19 23 -245925930
16 6 63966551
11 9 379968458
0 8 291214160
9 2 371608959
6 18 748066843
12 16 876888833
22 23 310444597
23 13 713455257
20 13 312647514
9 1 678489752
6 15 715601434
22 15 636289748
19 6 449164097
15 22 918867524
3 9 354090544
15 6 -461978503
0 18 372598607
21 17 783286338
7 2 678417726
0 17 469978674
10 24 27978250
9 4 601025292
1 13 493075458
10 20 773408089
16 4 485037282
7 3 189239821
15 17 711670610
6 11 874497205
21 11 588865675
22 11 183064104
8 12 737622343
21 7 385554071
8 15 840804568
13 15 203393950
19 17 346456559
4 20 940448138
8 13 771231535
16 1 492140847
22 12 222903611
10 13 970931342
24 21 749540790
1 7 863090702
14 15 664903604
2 21 940034020
14 20 139313699
2 10 546192188
9 13 712824593
0 9 196700182
3 12 58987525
10 22 759889757
5 14 976802181
8 9 608661520
1 18 168234667
5 10 761103908
11 8 133873931
20 2 814099442
14 11 476128474
13 11 674273220
18 11 651665128
3 5 90246109
20 12 225076844
4 11 304801537
22 6 101070067
12 6 405264827
5 6 149487516
18 7 791710350
12 0 287098023
4 22 666448746
21 23 357806273
20 6 384133289
3 4 227960401
20 22 957956297
6 13 858867611
1 5 976467909
16 14 885409244
12 17 550003126
6 10 34544895
11 10 73395538
17 4 380133969
13 3 850966604
13 23 79481211
11 3 907823375
10 9 648224773
12 21 236207211
16 0 791443115
8 1 218586101
3 2 715056206
4 1 870355804
14 0 633639808
12 7 969455102
4 21 488463786
20 9 988490717
2 23 630492971
7 12 976321682
0 24 21098217
15 21 95618857
20 4 695925853
2 13 380876755
14 13 483879413
1 19 377768026
11 19 619633247
8 22 650133304
20 3 987935837
14 12 706083063
21 22 834440405
7 13 447276299
6 19 587586509
23 14 241931109
23 24 113592527
24 22 307166615
18 15 883300873
6 21 937574039
24 0 759859885
9 18 470852779
22 18 -693263797
7 1 469255998
3 7 945835909
13 18 228999775
3 16 110660517
7 18 64716449
2 19 642845105
5 18 826707473
10 14 42629147
11 7 525451882
15 8 708679576
0 22 476806379
2 24 73523931
21 6 478522395
11 15 571336701
8 4 628212516
15 18 656018814
3 17 38546999
4 6 861619850
20 1 584094480
12 24 757665251
6 17 92765730
14 24 527950784
1 10 954804337
19 3 551730030
19 21 839074749
20 18 871964282
23 9 28530334
1 9 706516306
15 13 174042729
11 23 157066743
10 5 -186522339
21 5 242797202
2 11 953492176
8 7 465589261
9 15 61170192
12 3 303313876
5 13 29508627
10 21 153707600
18 19 998822149
13 4 468658045
15 20 862191460
20 5 97426030
7 4 839850245
1 14 624513430
13 2 60770060
15 10 61589742
21 0 288460095
21 1 235053408
1 21 153047552
23 6 89227682
3 15 866622170
16 23 204443695
2 18 772527756
12 15 391910693
21 19 426934737
13 20 139377868
3 1 265851817
5 7 824158334
14 10 542820869
8 19 199056128
6 9 139632709
15 23 512598941
1 2 789917453
22 17 616799633
23 12 50163393
12 9 105648896
23 5 487941193
19 22 993682796
20 17 247142496
22 0 534863206
8 10 759778357
8 6 471263919
1 12 372671196
5 2 288140178
18 5 999561067
11 13 892997509
9 7 652138607
5 15 760377783
24 8 270788729
5 9 510157541
20 24 303218692
18 24 -247017033
0 13 387651354
23 8 940389739
0 21 284689560
3 13 635563503
21 8 743321446
7 19 898492767
20 15 499593140
2 9 28371955
1 8 112462745
14 18 795127319
24 16 734594054
9 21 85245137
20 0 921158271
23 7 -851990790
6 22 725962393
12 5 196986128
9 12 486560974
11 18 148016982
11 6 289499056
22 19 -433358695
16 13 29886565
16 2 5831210
2 1 457005434
11 14 477685347
22 16 623428399
22 9 116501316
5 20 895531320
7 5 846946520
3 20 718223365
4 13 507196824
