75 2
43 32
604355 409140
734457 208338
595000 351165
8448 61314
900305 953567
984639 591430
707439 705422
143718 899433
232326 509951
628926 125387
617970 500039
169036 192321
279509 390074
669774 37864
377865 991207
43471 887019
271207 230541
190526 462038
951914 766799
149951 2773
234067 16179
142339 487932
112644 459691
834812 343935
887695 253015
506886 983631
954604 775220
26560 700492
814570 193022
678124 495024
876388 219130
774901 195984
288661 735682
776362 320470
902071 559497
804410 470394
640177 665753
440710 994991
267835 898183
710261 73697
783536 901027
625907 507293
415728 590193
255108 43117
368113 999602
783463 856557
91037 431546
326926 583805
122020 674931
33608 76433
58005 195011
793387 402428
585804 958375
939942 353624
990120 176469
329648 845849
180853 779679
699825 329033
883140 134772
200431 760242
219933 258931
346316 957881
955685 133864
748691 467823
86813 752038
704545 14518
747897 618792
13814 343361
605249 400001
541257 264177
224833 810589
799154 287041
880079 18641
73782 112923
23395 355740
