75 2
37 38
615248817 758123516
117048876 200811455
388312039 10086188
92109883 447685863
682372128 226166652
705050749 95226478
397871679 245566190
389010264 682527752
143800145 895091193
251147225 270657638
511185314 244867257
367129087 903750515
905192120 277388724
983913077 536621150
748482547 594203119
519978233 515311723
114687358 912798810
455033895 458866986
884790800 117598983
4131196 124701134
805868426 240927080
533975027 78314841
659523721 357556418
502122717 172160208
48062174 976516364
773808241 484259406
901087831 979848365
259859553 943596303
12532617 962939629
652367312 421147100
443860391 423447007
292768682 424248139
548240003 509887421
546247020 851426957
822909247 897610569
967212375 985466501
326590787 6969425
562050506 751882259
648803649 720359562
57082985 390718075
939634031 9928792
558612936 405854371
308829878 205449620
175490936 867299926
253433666 916106809
208147492 86284630
819059623 867636426
417944828 844758272
921516480 578979182
495534789 973248124
580270716 366951015
939443240 344951289
580646723 135908009
178696832 983612091
154233817 334447505
513037060 457819931
492887227 827455056
138995574 778108733
812623984 124261942
283329467 611769846
554923344 8074861
793414006 855686073
320193 995348564
218507797 595839638
248172864 680566126
606383785 858812969
803869085 920902100
859466780 884023941
359658325 45272515
875795346 648899505
517364296 251792374
128141261 707134425
772365066 608885034
790522841 263037546
432457312 608982678
