75 2
29 46
517596894 692304858
975720106 161803699
896685136 325314370
203892249 344899496
810100297 356403653
892296556 503142722
283014934 996445361
841651886 63663608
267564976 747590753
903910376 667797543
993085726 103456952
222454993 728689007
516768574 260905554
189344162 509753088
204265715 77389108
127113061 294031133
958875794 56801297
31733360 407390895
420749731 96203645
131425316 53060894
583711926 175876005
461302260 742695466
907346944 350366164
765177774 805240140
97485761 241205545
242904050 853670689
387364190 727975387
750916166 200748244
562946390 459671371
370324844 779238362
132905950 797531490
528867375 927305691
472736703 389636669
397120424 225797353
401287788 248151216
911994437 818748249
974009721 344057232
332296233 237508521
589094285 172192536
689030736 332239851
733728245 789066836
44479649 110515861
110926579 454877487
362118997 307194240
735748889 873327730
124871608 96596773
941200045 480026657
467132329 802901222
343553618 40531232
328678664 204595204
535044897 970901112
668215177 847249230
323372874 785210153
681980036 26570139
362078674 728792351
377068913 467810288
438421236 647448140
956038577 36532577
956122430 392435459
541231361 580608815
679653701 24437866
599648529 953371791
107456076 130901952
557023737 737078181
644134213 480848780
587350110 424608499
490349304 454289223
970867095 497607319
992751522 50681343
507055926 242359615
984823873 525862791
462623971 106471773
325731796 994914873
696679398 999451175
95432713 612557318
