75 2
36 39
365646014 821076885
711568745 101169441
339802859 801080965
695343602 941682405
440417947 219797386
39689663 757034052
519846787 780128198
931222696 420458359
760522124 370848372
291807213 727967007
810985156 165286829
795762196 400336339
940179361 704597993
302482264 69486597
578720905 769729533
891957420 550573618
416911508 671908158
51374120 204883564
468054328 996054585
938591478 177667636
526668663 284502634
648568312 910339946
447534636 673601470
724583536 885209845
353558933 792639470
364903306 923277654
584790612 477023841
229957314 811978794
348048425 865030036
349386890 817719157
464723901 707460113
273751766 828732896
779515595 167949155
586711916 625616556
117108775 523941474
584485575 404463798
602750449 570516877
701163742 83747205
979396303 330729758
396465826 306059913
19735605 741622485
362385775 553660037
21590329 769830090
27115631 876782619
545387381 634195918
326253578 43474052
911378232 456362908
704531855 309161635
638436559 81438979
66896428 816628454
803786976 34307639
337750561 927277193
762951010 995982991
591878880 642408535
34016593 711590042
732796828 978922627
8945864 893371330
38312432 891986307
300289376 77764385
402643651 423083965
629544982 905327789
715950175 600766002
165923798 153384492
248500519 285109156
365428242 210595278
227223180 862498156
375424073 700415885
542298343 651604539
973956530 540918559
484759707 6736285
868322005 754426106
630724803 491280531
820801269 285383325
561172487 229882699
717991326 540207162
