75 3
20 35 20
706980495 977797251 169404668
87676401 278519068 64749051
46609988 634597509 123534010
629756437 949244339 196240029
317310856 823182794 692203732
427341719 834209915 118678880
53695039 384256129 375320457
134179659 459317725 328554584
891507528 152681516 760652013
151563784 612504872 982303925
597478455 232427030 47617550
523266093 23146744 795957591
921935854 856011331 880860808
889740446 988353696 448751307
999603416 646550020 68552869
51235579 372010050 27522772
529185729 989262205 647713480
510512534 21239527 589286297
487573641 984735501 222338617
752672603 568728548 679881873
411131525 72741422 826793948
258870781 856309679 216903923
351548358 238087724 648602810
890482577 338750920 872375547
684925140 864498532 304384840
243230979 160170280 486933899
38256398 307311144 852686735
130028661 82188382 967987168
303954663 879520024 244077465
299253490 546167548 507636951
97903328 429784998 534592049
716742888 462440707 460311252
735319896 248735686 782517832
806499231 394294266 877321996
352656940 844014991 612778351
975082492 838923253 920617233
308053463 206041787 852159505
457175409 492277268 26653422
272843732 687518962 517851484
856907084 902519762 351730711
950358789 923609820 12487664
500702297 205483725 29201055
664208320 98361099 752855875
170067215 816684896 855268212
762786533 249556018 575025062
303172131 138106439 338719867
683290903 939256049 815501586
123798817 482123756 639593928
810493881 445695676 657120764
598111255 755423834 467754232
298820923 646082657 230682608
280928824 183572275 323673452
937051860 162514648 94604300
712847132 363143056 546898007
215975914 604500445 280299491
703478309 563233115 480756290
311748991 632950490 63289248
149557743 458998414 875744882
987210113 548406261 183039701
321848405 604641762 197463963
434576720 409432360 345426839
948206528 581178396 534083546
779734100 263169149 855774837
735233470 812603988 407043964
589852202 240132150 154221268
290462407 866033655 367332558
82183538 336802520 837805065
984656567 203936613 893550859
894340280 714502062 195273328
687482579 689789728 799767403
794280591 490905327 217393481
203828871 549814890 514288664
262096289 782158149 190359186
941498605 944883516 926091830
349345347 48523608 571816390
