75 20
7 3 3 9 3 2 3 3 4 3 3 5 2 7 2 3 3 2 3 5
586767600 192549419 807554756 38560372 21140797 774507442 334148147 300390099 105696272 145191041 866148833 387623618 483264413 311207359 878037081 539809506 244240794 538438270 688327379 783941879
468921990 311701353 309954894 117389196 624454071 790808027 918998283 545685945 105266168 519436467 967453886 620674400 297010095 922186585 832947972 164805802 267172869 958178158 213647427 120788912
229169206 590869487 946655064 384476836 963606999 491953435 850398246 133704129 258046654 774198404 419468042 977790527 578980679 677062940 675883734 389481297 695244957 228135070 699573813 167725529
860633264 387606021 599418444 311285373 849260285 622263692 115522253 51720566 698139377 434261874 228053774 1062853 653694800 879349809 956872858 953018459 530491619 945398976 736128996 263487267
731599346 188939128 736122936 991960266 263076810 172355123 585851589 80467211 943348008 633642450 609741355 23386733 490740647 885724731 893497723 336733914 613711497 770179178 194180247 404441516
657239164 735759452 734494883 844735375 650666085 132395620 718307909 337572410 339349449 377388992 217671801 516928099 206546574 869787035 76596218 605046801 467414781 983276537 893497899 335228000
101530521 550357922 947183647 860636133 730705552 860831847 879040564 676063546 401453310 465382698 554925857 364348990 642383037 581896664 786843760 993825511 279319432 908198650 489670995 234089136
370935933 882095506 907911377 536567829 79839622 35071198 187807423 995620125 391642509 223219457 164822431 574425088 397735352 658313621 971238700 113667534 176148160 824316858 160834243 351904025
796842634 525153550 438495642 182373672 755282992 898725913 532476039 971867406 69241610 543720031 360813987 85497916 650732103 415495456 824312456 7577283 222166678 495546752 76507173 562516
634040645 146881315 233485127 11291854 412663409 739807663 164440363 129836080 536928023 193970218 836309067 409577149 635787665 107401383 582690017 34867016 932555403 403330524 169015248 527703435
302214625 398905640 327188554 864642507 159338801 293651959 528610195 773685472 361730071 59496437 840152929 481092215 834910225 421214104 640676036 377593720 719558426 258158724 668740337 558848705
934528368 155069737 524770375 139336266 680597609 906983849 401526074 489974523 882381753 857499883 336855251 644200110 461569406 966687215 484838986 321025229 436124404 232689474 286794645 494849595
602090222 113456919 730488789 577116903 332254682 417525498 102635711 713307066 644097797 353436979 846123835 747010851 877604254 457921902 448820028 352246047 360655692 42072737 121933354 415429572
436019572 775754214 114329344 17298830 413511329 154794610 692896047 172356348 397178119 564377161 88754934 66861327 198251597 102123510 233441498 407553534 326428410 123484003 527969197 461255518
471757555 125557312 925111339 579592227 415186769 515601175 314363009 778464398 679946732 403209464 814770150 84881013 311345239 530345079 95358529 581723814 540795887 353344175 860150317 506902373
420552029 713263401 442243780 514363924 839935860 58881923 530818233 866942698 394994920 62851111 90602197 225590526 514935192 84500642 790141891 637213064 192643124 271042606 811048147 422825797
815439967 514260061 972527225 759724418 904989532 611163079 544185353 981581005 211215921 630958229 340854177 431495199 136535814 999544885 69973880 977682419 568718068 958892537 284219188 740109041
966719273 838930436 57834165 578265032 86763774 877402232 706009979 883127531 257512784 990382897 353663661 184739947 580845591 790665231 887520832 516193912 194272331 485573575 167114229 777360015
846214990 245480533 92371598 774538883 62244237 816811701 543693605 108073166 520796244 281765721 866629952 371120856 554176885 958057578 445610546 127787032 888456289 715384908 661403374 839567397
72905790 28198051 656864594 229282117 365763233 296096974 229535415 642915649 70945924 426478878 580770207 937468090 98468349 439526407 405297344 320735134 999403483 2740530 566952474 432049691
67771237 794507594 928492771 404926630 641755875 504485771 195240982 329028692 749670093 463935166 309413919 227784333 951871534 824404321 597255082 366710895 433057176 956577750 335803224 217848593
172349165 885731899 45882435 15053921 487276524 624410282 796563597 295346026 546813861 889063665 938031975 301759475 443725975 763504907 718262316 247454318 682173834 924186170 673630393 40235421
784584608 175583668 183083301 52020005 231131207 72615486 603174961 127870763 430970994 139724404 825172495 359268505 575773970 959300404 569320230 781868685 959254279 691859289 242086812 832576170
252356393 919682889 287236584 393731380 118819140 617876577 872756828 391149025 146666887 520810728 549926745 48991257 713357576 667237120 800147879 817292974 619732808 395241398 587126758 747391796
850952690 189059526 606898697 946830829 89876101 597497478 119061590 953678228 647505183 765460762 88811099 446054650 529118507 206815012 477993601 144303147 408411796 132286550 174395136 888320983
207612871 605380004 135629192 161875645 139449344 786754680 463429822 67356666 588722493 819484719 134642974 321139773 20036267 614794144 549724137 261123579 109459563 863526461 942196932 899518287
812139662 683734864 266710427 910421029 613020966 59162815 287806419 664617388 348999874 864683541 353044578 428116479 285735670 442627427 639346444 613179586 713851683 291178398 496873813 567893285
782667355 936415384 430754786 543761819 558403682 834376347 555094257 786876619 156999676 195964623 290449785 676788282 108412971 366659681 566246325 64079882 147942562 331380890 754728951 636914959
893983951 652578187 469249381 991366138 963862070 546366248 58807773 298377096 705753767 835565341 749626520 871862029 822578244 822271161 487050837 289107367 914888552 388339847 228345153 120682680
923076660 57707393 747295592 863470418 107128595 123368869 615229388 381910948 792615856 297107960 850763158 413446173 32729365 533796084 808360384 25716020 588697043 406282893 511060304 175255792
683879944 632114597 886678386 987425599 416828889 91316687 535330125 940519266 726206846 971167535 525160237 184619140 492535629 341789175 844554813 861657100 686665649 916329839 594673531 802188741
188880196 839327727 196026433 427040233 766392018 339752140 444479953 655627101 319310538 237011534 167472347 970670028 419288365 696396833 112914205 62905159 15505223 158701403 45532297 123880134
259745554 398898570 926021143 658991532 489081487 733179946 815010660 180141576 333663172 37167021 477271799 762293428 442358364 493457248 498381866 29875854 166587727 430958384 960075620 566307797
330114591 950284126 396311104 167065056 399949275 143845744 405767079 497159769 422635049 815209779 843781728 985689924 511874897 852941960 437851413 302948907 366732951 109124352 667066927 988791099
353119785 66890270 66490184 691313618 424931716 37195175 12056116 103129453 37770797 110732565 484791741 865548395 438021133 591743031 361905734 439759033 110377158 548062964 801800944 222009753
568028265 771822234 769702109 465840081 937422519 966804376 352677192 844661737 697783770 751899441 432323526 147287557 497172696 24748942 767606422 626222616 270576115 437372607 173038188 462159071
728345789 822212898 748347537 611808807 391832082 64908527 521298346 698942068 490265697 304865139 157127631 181732784 825784382 354252031 539142971 621960413 927068798 987114548 228010207 20232946
188446963 897559557 862634149 11048813 657914259 553807215 4068465 703607318 829997653 494484229 509934727 893668075 283897867 984408519 816306273 370846254 140875907 241001549 299298177 895798010
374256890 938873401 927908425 689785662 703116415 7644982 142375882 907864968 900027630 768080001 845631592 46584530 226158682 211148990 163095421 97108502 80745622 322243066 996284113 69828950
887662839 505864212 905051572 206603385 968326563 830767382 445894180 561761211 785458152 622323457 316321980 303244819 587981130 326716785 339712089 96315723 772998942 315298644 499958860 122416271
893238450 842910626 144758248 565496253 612204629 335155983 705138919 787113294 127223126 711611144 768129290 877699550 703738106 842257986 804753496 261181880 393747319 496061342 587141341 279122460
273162102 373916959 60051430 795880369 896192130 743960218 369748929 992820711 195281517 761906198 206000653 639577305 444027573 420106951 985791046 779970979 217311712 436879159 762435187 873701008
443821490 519790117 209053768 561259960 733573988 562247872 643765177 270028067 43644216 558298695 90468836 653110977 637181285 38400969 36490771 873906295 284425069 267274038 181491988 623375337
456183294 504836295 408847097 387712565 571238985 436901140 693367288 626499918 974165438 499986268 919233684 305712035 877052680 288788575 581696830 469737928 373933318 940943583 148569489 662489946
769519932 861851989 748073132 618790313 749191666 522586814 125457054 257160691 902749147 998547705 978469200 652622083 194148389 836995237 971455495 786579231 657650870 502478763 366955556 185085744
271166359 431583628 587472461 151254789 312101107 563818988 543713024 758319119 374167100 599743545 295121470 444448618 905310737 973026525 857679228 957193226 817826054 285515255 48779201 518498787
113106186 599695314 54284060 144968594 546660035 666511082 887262717 848376558 238992696 217899756 195164599 263679717 314462735 35031449 944551134 114251128 342035436 504200765 806627286 846063450
117947643 411917154 665512649 60386956 911007349 743779978 276726783 50928914 67273825 972733857 458678310 751287601 972108503 913999404 546463400 536451443 665130916 204812094 968120126 703162057
604531813 574706254 621263194 601755063 406552676 409076091 498368175 406875146 114601643 805620340 321485326 645533119 35941647 854603423 381735480 865523540 852630388 278284113 844352496 91810497
370902997 359244744 396196999 797053887 727098690 843792811 71805325 415536123 93064444 260806007 154152072 58510706 616474474 341703623 417779999 972056910 776365921 651890384 342323338 547395276
305596029 913150568 747494580 139040939 115580975 478237737 717589245 237071753 472362742 108466469 18379797 401688719 665004121 238774457 213165951 746130737 473671011 540813055 875134135 907890442
561187096 547392260 186067586 768192336 528459009 255989704 252997546 656982608 575676797 497097070 954401150 901701168 156569743 765957435 955490186 558035462 281950472 842133348 576689535 848913325
38427016 64691191 735356560 769911194 125748487 863738779 631816890 165474547 573030874 429651483 930900599 529040437 55350141 37230461 305195043 306967466 364231275 795100860 532877437 540439195
415855960 751475292 247479172 131800592 634422260 623388425 442316403 153846734 857913345 214935769 464402994 158389293 655467886 970342498 668625194 571525212 348997952 512226706 965542602 372498002
813574291 790580793 170988726 259339860 389510827 785853976 730629385 42483294 947735827 658271577 675368889 372614803 242308506 261299634 428079368 171615240 361476454 828313844 82291358 678954930
923698066 16457672 64995209 612545473 962835943 104855341 587522463 16061451 809930524 687979158 76348518 866128416 329109781 326478769 833645281 675500857 494725264 712041363 662338990 388686233
697470430 919623950 325603618 929208535 567894248 296553222 559954579 912267518 58744725 782301162 35205828 751361081 337291722 468090318 340645310 801945402 283520997 336689077 458387487 488707167
861053177 685475162 621872988 799393641 723494306 216919331 759350691 812473777 570413099 315457944 155828449 840969333 837504570 966791064 422708107 981929929 730263422 519488699 523714058 149791075
361347469 100636375 651333510 699271007 661240242 822096348 72757518 144200848 174696029 416985517 249197886 789405700 161093932 911042374 652570347 697040389 537262029 102337177 525088634 483834895
224540547 684187786 390062152 505771812 246961920 348609994 857746961 204144606 132944428 531585137 729490509 498035527 444741246 96093350 77722947 682611998 423898088 151321751 325410948 69968528
296557029 154189896 447938595 556895447 173527470 896094542 87976022 699746585 743872691 933206370 731572885 868296020 907639973 708918913 223907228 965024922 250035069 930360222 350396922 65127687
983137791 296586679 59039789 671274445 504730808 494550718 689183361 447018450 293479250 699011452 55770229 966362418 236176760 337536911 508777829 101531695 673795072 482254971 487791264 550634688
654760358 820760552 382909557 232681572 290859776 911024329 589291464 882915344 181532585 679777649 19254775 784494956 17890382 495467192 956734892 591118653 801531999 910109200 925829344 724597800
355449989 371147394 389609778 949780707 676018948 901882929 664186902 90956479 176963612 365921198 132532081 299106063 700082346 723215533 60363771 657864453 260928329 127105451 336580631 64051842
863735615 201855528 378734799 571906913 712370456 882383922 924126778 208962612 208652350 900516637 580926238 519048552 910822043 611534947 180198318 92560474 630714690 923159377 888205576 100953617
895210816 189215144 270648203 288014943 741357273 838815495 886465567 372307327 145657489 63430023 689063597 485060366 581682520 446103765 890827714 106873816 207971801 842170265 782425368 252009358
961069090 777836749 925421284 76084008 195552459 828162231 501501138 149393855 924117845 56159010 544284475 617206200 489465376 348821165 105097513 883933248 420300726 798460037 208781253 624322498
277274743 374109670 873497873 407403359 580751862 211320999 91700791 768700303 32698602 409210370 991442987 668670769 683913290 503929763 97024037 825130558 767600423 487346882 694715471 177597910
530025403 933571299 518543104 420686168 710025065 910232003 117119742 901920028 370468479 403362822 244896273 579232950 272171780 781696245 740688735 831157638 127304227 287548112 736567088 430759504
250370240 523355849 158743188 13814733 993142785 823524474 326373175 658077672 528953286 750476185 654707865 191224384 742316192 759209626 980046199 153949527 799204259 100459199 618344716 766596060
335820330 714378924 221875114 421087618 265801603 883550721 402711591 512859084 513483354 632504000 888159130 500488912 671836179 800822685 633611789 948999331 591112509 391543360 669239309 121819144
334967238 148544778 439272952 927840529 525932770 311633997 178762215 815224678 254371492 32679451 339491639 675071128 74050542 327027217 318702224 224937646 420749884 998098569 106512998 664272422
339944988 770563431 429950813 373167266 358208330 334335798 473770533 46559661 382772184 823975883 207766159 852719315 723174516 548735371 571008802 128173565 637214198 914855974 40434282 153430279
430678034 730213385 689871781 271517043 547155900 159664345 953410204 780196602 825101346 259827134 604300638 866486903 656204894 584297484 403554272 306906367 583981722 445819066 937283245 616856692
723641157 109868849 676386006 467759426 260438277 581198775 216341382 981316863 340424196 551855106 157690846 893426703 480002677 154270411 382190479 273331858 918922488 893388454 369697014 232831407
