75 20
1 6 4 4 6 3 5 3 4 3 5 4 5 4 3 2 2 3 5 3
813594596 626772212 569653652 983462337 678508401 74426512 721272766 600119537 807959645 27197512 224444018 844548114 995019236 24353780 231401508 60692604 951445134 654501599 819327625 182201843
227372883 97225207 394354273 322464527 954654109 560440972 453718690 790190645 151557767 843184394 477538294 477644248 654029808 870336331 356635242 412190306 882171314 944738462 770145533 36813976
616696754 543674522 593723905 545477510 611154847 460369707 143358048 527516957 20893597 411389975 132995248 796421255 608019017 632002309 917829273 600172989 738619827 788419786 453110768 196273610
573205781 186732467 801563802 59122397 15022572 808186739 716292242 747708360 301854412 978281366 660475812 232681621 845162726 174948955 5226710 268852788 12389398 190065015 971591381 65158968
415196445 581299804 936278293 566061235 275256124 511639071 45867833 884267713 744579970 179493829 982223971 751041428 785294569 284577270 456661978 93969665 444587468 807440044 144900871 64598738
60665675 879426981 883722161 461149327 199646931 169897783 424986324 26816816 629700917 656581075 439275065 995567315 28178250 529946327 970023679 297327004 512239016 219974512 143277470 397532862
307612155 993862862 134612915 407980278 919210623 555801403 508733293 133931898 474323350 819674170 912626633 524268275 25944758 226267809 304770505 902323693 988648583 196773297 554988742 934087341
192560166 519111319 692576627 441084495 883816650 106207467 765087841 203666652 789531329 786720119 756959049 425861958 852593918 456316712 61682358 171497944 762749507 324515104 788332008 3041396
717653440 119457919 868018717 258574167 843501362 787118092 324861476 18274769 55729972 566767577 356414125 43264716 556042623 305021691 793675289 452880010 113495755 216092677 684188491 346128315
49270966 456299143 976208881 959779002 310974310 835447189 960847882 156595287 829300861 558331251 474994566 602571089 704209403 175166347 743919623 161740435 645516702 354630241 686136662 869203809
530797467 765277961 133171889 298710445 401291306 45798338 93573773 179556426 671878141 821955735 188105188 577858419 973457132 447508522 705782119 137164586 657145656 205879060 51751239 971492281
944250815 453105474 355184802 840789562 822403909 390773880 345284969 531548789 138414482 318232388 784599578 161851937 714575642 810231028 854473835 687971744 936084307 47370693 742130139 992570324
78078109 567460699 93122400 139375062 840113676 90959778 481780741 65027921 975810433 318490990 158825748 152560957 824338384 956774818 606712973 833704310 742446141 369812527 285657803 262715703
233784935 278291551 804831256 71178990 497133494 76299428 380968330 338293426 828430550 850015314 801543660 742577936 704982255 126066729 172945089 236823245 444331143 922915378 623419103 347477848
504621190 192189170 325290386 322588240 247668827 850982453 220280744 173504456 475700172 781498723 61287748 402366876 769403461 197179546 878167294 438405570 94300072 933837306 569329884 134483699
138777924 319847290 429290875 998524239 424696479 154608460 821592485 580045979 133418906 589428024 819248766 800914982 744640392 383064976 335198572 682982421 493652801 923770279 49311278 601510208
261247762 85477923 671395142 495389783 343426207 370007617 293757183 42742849 844852617 127836539 817265669 907109113 644200504 163363974 102548504 710925880 63580035 621610663 795523701 74346587
618906855 248648563 747328975 800210168 29108606 729208235 892124553 944189718 752720945 493863370 428563787 50995583 813422991 218604882 324949336 82868509 727442936 195279563 802783405 752925509
677045343 768352475 300404261 746214028 419789776 340558277 573121820 251268220 683258033 667084254 689308629 65176173 851729378 961548056 29725142 504487764 12840016 838937347 514087193 410277561
420255871 790011069 664011102 829630204 53303007 11454241 519940384 386052561 312614075 503443427 167722370 831007148 581303200 950471393 994690535 540882089 504469948 867400293 493679153 442128364
103569517 707016487 326123024 637582307 109056728 121685416 927269164 316161764 584170386 335446189 464083070 491676027 860685413 443246391 343631803 680307089 317336841 135922499 979652460 319793859
832740600 159715951 892893790 277720254 580332883 450876587 727308958 544987193 836716497 873380335 629328923 111964469 161157208 210874122 218228380 141808239 48306621 603338462 373387450 94895909
617049288 517575014 579948430 563749340 680900043 597615348 843616720 618302880 341519496 377040272 336762593 430417656 81728429 923820778 684649657 997455589 757966980 429110399 118478103 334134831
727805618 625390663 356140813 627849255 929982860 533187497 81114710 979318795 380875320 231966182 448944036 593294683 330296936 756135479 631250809 869177783 767615951 650258971 981750274 993893350
837988927 187831228 581341083 225999302 312697076 716705090 354510894 946573633 142414315 110038573 462986958 534914938 849704598 982411524 535792016 15035793 351111679 746399390 180182498 907864706
337629963 996905334 477542215 51039855 787786001 439819585 123526578 842470023 997824435 363434716 655192477 75066992 118348127 290123072 383822987 488938860 446958056 116590357 845236899 98941129
310687756 750767153 473221391 55527706 169818214 40157320 475810109 370746483 973333359 622949847 466796889 710480543 794290803 530516948 992961013 804279298 85668392 223322798 717234320 514196842
990813162 377961453 574625709 940979466 311940665 785591287 398281955 290661908 342110518 829825679 987169843 45322735 882521158 978894232 379021085 609425757 210790834 18717902 126260998 655217733
746839551 522266915 151131579 857008205 655499553 578655978 655058349 147248592 323501996 73116703 194190082 482803569 557747535 95085319 900011191 109150873 534380547 154567435 478583213 549671507
893001577 646341526 660692126 839200717 494890865 231070303 292347300 601948797 661317079 526007285 203952308 647206536 684302 506205673 849958855 884696454 842617970 45324512 637584475 33747606
197791334 481583285 160504544 203456572 77025453 666024653 934514335 394619517 5963781 751172595 922273033 751935083 405291148 320793406 434175224 710921740 772050009 886780277 76124630 502519444
945850020 512468098 296601148 333405820 194290893 6425390 259916660 234217846 992547990 453589030 262672287 921943445 428007548 192121001 797572000 546763645 960239018 881471328 924851852 107365190
939988499 874592298 500894518 2073185 560603714 786325591 301067862 267584298 66692349 776893163 922372147 225436189 802201289 515214986 609303318 130861261 848277174 345368783 450123276 177761613
918845962 952928298 867331668 307170262 392775497 417906966 485381904 622894439 419395751 57191144 794520470 61837557 184162648 687590556 785456344 238369411 421881938 678136826 946354749 725825112
23538024 620984727 161893406 546406872 296729068 275459818 878647970 78814387 614621333 307076143 267054214 66898853 426266189 545922753 385111431 13314414 446985748 95012976 674709065 881894152
425086964 782412468 124680175 917953824 850233041 612737344 808285349 655094910 121056900 689777280 261582015 339949659 163742393 38745927 898233240 473910042 518157665 782758336 756907542 285896187
270014600 241709499 88927046 677306018 621615291 938256284 589517306 406355709 797427311 267691340 912246357 209647275 31778353 19748645 190744905 217919393 228879611 950557310 203392315 456247156
773480019 394847940 144899977 110600790 305656565 910934629 580563787 376124843 155286014 905206395 519119350 38174136 173484908 636841739 769438526 86580126 570306922 674249405 302208755 799990844
691373684 712952868 130735856 559602195 831525427 143207733 616956692 380945098 878408320 37404535 555889963 434613223 559247869 890509597 884472238 27094631 806004407 242349868 255442394 848176854
865206454 264132187 282249711 247767703 771414007 252797324 21638342 395326940 979880060 863234454 924095176 14072063 767558097 617608700 291792690 621372189 790951889 637630886 250391466 484868411
713983372 73823907 725103652 840373505 365524481 278583280 432463997 723619610 588719646 213828105 991958975 174659782 229374816 470967826 804684224 267989447 842120845 765948497 204807090 498899872
60509872 911858464 353625135 48218488 414825575 866551759 198884157 203119696 985797632 305624364 909008345 533535588 316175866 995299210 695659430 220340242 192014879 492912934 961137884 45566852
613212659 580623747 445339555 649612145 313415864 76848165 223675370 977307662 866745034 858515405 764955081 394615518 451623402 555053933 995950650 166279419 361147334 357690944 477102814 912099263
299774598 75232408 769352372 181305929 115035788 210880291 357636877 275183919 798695668 340898828 675546877 456267191 430605864 200099921 256867731 541375270 126391807 604195323 752433142 147877762
313945082 287439194 627462448 745368281 159703787 508003046 638964924 3765899 2978483 86468793 702898030 228170647 598836116 122435969 579155460 384539425 800787236 566442033 572062453 602000609
416548259 62487665 622424792 43090418 356159803 251412364 917872579 114267351 702468158 329538793 622604096 863900567 34911016 292647958 200454191 719989123 354249046 360803864 930983943 528062744
760887381 670784516 707495626 397369028 356625827 460447501 55042053 64280087 153226249 749269088 34648447 675148101 604143249 671816224 460441695 113798567 93259785 168504119 72042933 601484790
563832542 310119127 797195789 430031089 617030344 15815717 671446070 45857217 745587675 379252431 267798767 624428315 958831563 962509849 860744400 470973793 338403008 728513920 206832721 820572880
991483427 164556731 883268991 138912372 799752709 904686220 269481276 322691864 403140159 600229539 413492435 605275991 9455497 853556978 850245573 241188988 574929926 774213332 854786796 500388626
105598180 790598937 877869203 408129979 31776807 74028591 478297722 175329260 911990294 122929897 958977781 859746188 951882111 571340221 380019601 23398556 548238330 866943178 183484586 48497975
604651150 426023641 977911923 913878680 742648886 104963043 288944070 704088451 681753867 906783498 182464603 331979348 905458575 467646774 788760395 703708689 363377843 679071424 694798905 126467159
394403775 316799244 555558106 357972939 675447097 939612301 258241269 761738784 478002902 100636629 958599055 841020668 284314291 393164778 211858877 35853366 628575040 508021054 42135722 394279514
722057367 629564358 693409198 586171952 684314083 648184123 475894413 625196477 729263216 142788514 129096522 584807691 5729233 986958924 788555068 694712504 317784681 579413631 603213558 813479198
667176681 468033349 873023972 88914467 422324514 576806485 19731462 153905495 624240409 613739319 14028874 766157802 549408123 914259456 697325750 918790784 231669141 728503506 938705669 567984939
783872527 987243519 218801002 570321879 213667540 629014018 260307309 79012899 596733031 536122490 804103808 178124260 475074947 611250013 667038925 115761216 126310644 855851071 436371108 343137294
926676000 639771920 360380862 469006598 415626670 297966388 406642370 823692308 901529472 719245827 612086153 516218363 12291066 939607744 138348788 38367273 332309011 311354947 535350795 802236085
410192630 310526602 36393682 278679219 33318501 107674264 934772039 442053341 588868230 549884603 945683398 215490414 312989223 217607678 541393445 751930556 557438701 539810335 345350307 467253146
810559928 458808648 449884062 556553754 49002718 676016774 510677499 60409194 732751914 593587773 874255129 326962055 491096435 679763421 168560561 981604635 727918146 983495450 949009918 547707538
397134955 18922292 387882885 941843151 601243269 298567462 768938289 771250530 931631163 95377213 754261044 959647583 353369108 995032700 693813162 330078672 493805077 583014044 957894503 437083693
807629002 513015724 294209728 48733028 474734646 737271129 257910181 437332052 563162240 848320007 437915185 1989102 752938653 757431886 355922365 513007703 528566461 168655088 649150771 479740813
878476333 256071011 911147379 206652694 464149296 914791651 559836089 659571929 343956752 314037957 970659123 470602688 355000263 687756495 952449155 472587287 994083531 815601672 915632349 606989902
141924907 831601811 73033546 18040503 515043168 234419988 729816519 626071382 239127173 341081292 663544188 803663032 575902926 692381203 319997096 497901374 960468750 614926282 480872304 452152996
134203241 898964859 346428469 966112741 441339507 274757638 121050495 985770096 824029499 784660370 379794388 10575945 888248402 378741371 632156845 740676767 955613083 902541548 113433773 609575823
823116682 982056675 200960211 825695909 198259933 170419379 196784639 810937805 597180696 175323611 535196147 890199686 399721653 255943514 902953512 901477836 251299026 155196906 639980391 574629491
732470345 218446535 50831480 841843199 747010914 150929960 528816886 863413551 801725109 424026235 494737107 221109536 722663248 308329670 160120403 46848020 473852821 491995506 61628371 955182302
664072191 4324420 897264849 123997885 780654243 645123017 91899443 175397898 783437537 197252558 906118132 832792117 587981718 465803541 930765763 280627467 710686367 975107084 377488815 291964434
606296773 23001339 451947450 900375118 66016513 674076280 684591589 222655626 47319056 470825004 545135763 424284558 17941264 224468518 226952697 171279880 40418432 601318273 5303462 662104526
236101762 536110028 59137581 321345484 393275500 310557973 313272814 455883061 403596459 428894622 644936223 911888937 174037029 539641450 184341149 49238921 725741540 712236368 851270973 934313120
540401989 337291051 203010955 718150363 390371847 608792873 944631113 916259452 697539596 914809318 910816295 377837518 466446873 255231905 581974676 327266605 762183816 438444909 452324145 215331658
715087406 286378872 130388624 41980341 507746364 752370438 483284719 558261975 316853102 671789205 608060974 962706405 103424734 911908726 903887521 206003099 484044965 942814918 395673649 645098787
849315954 271275677 331844182 969446094 920739188 762728844 7318535 388598543 163045487 35937522 705732613 853144930 733067497 303734417 430190773 308293744 551357959 30787667 815687835 731169951
763471732 232038953 616508799 553913439 367576572 800037800 164694915 507503604 812513867 345540091 301230247 325186156 716865605 181101743 115674558 757702526 460392331 729368220 596626652 922898523
244317163 923625367 463333102 410780778 246812354 447718899 461588907 913370551 79172127 461593112 146887480 604880104 677550453 544710186 408901413 774502103 374555970 54455913 125447121 889479707
717130860 41861393 600727861 84167982 175317844 11749260 105504753 885395901 297960494 118915515 344706638 150749059 818222162 311093312 893952127 160251066 675760934 476575049 222539842 126706953
64104830 515753136 378487093 408290857 358203114 927961027 193042253 853119672 582603709 124840557 818043739 605356670 394434112 266030361 145560780 965020735 33648961 853216831 756021435 768206126
