75 68
1 1 1 1 1 1 2 1 1 1 1 1 1 1 2 1 1 1 1 1 1 2 1 1 1 1 1 1 1 2 1 1 1 1 1 1 1 1 1 1 1 1 2 2 1 1 1 1 1 1 1 1 1 1 1 1 1 1 1 1 1 1 1 1 1 1 1 2
674412257 821650861 235301645 286791003 726015458 478994830 769752617 740127440 996542173 86024522 901719477 595951580 163313175 87297016 865387084 61105398 497560450 26612588 644827194 279917843 278927493 66246131 796555731 203769297 880861030 581719628 162914415 849862784 952837882 922379082 315326916 667934295 989558888 742677374 552614328 362014260 375754573 32995550 460188580 104738456 459129080 146466852 240864179 429278544 180353982 369126631 196258045 374584511 527365666 20472978 164586092 619410737 32900343 972350610 694429629 460457705 893313999 646418655 857835969 371295805 834739573 368438780 308029696 516326175 856411817 563724368 294171433 928353655
116464103 602013650 606422852 816190027 230498763 102652229 588925443 320166646 475004996 546763239 364545302 763497711 324069196 525719192 819682932 884228108 456480073 67914564 579969544 514316561 165589190 970426338 152698224 905358855 188085353 492872361 514082252 579788269 746884994 352962555 569983834 526779027 999786498 38872007 905931150 52770353 829956510 863176 718364510 964327023 771169208 199021782 651905615 359620954 316440892 833322946 770041275 735009495 114150537 4274358 189653297 412904494 262392061 269171005 86928653 103929515 534530339 102546925 281396989 30272571 330157105 341110884 626078613 987450479 796228091 282102103 734216134 725905403
338981607 449112070 918550816 154959991 287140225 938874994 755235806 647620329 288572738 225157502 149889935 800763820 875226402 182876357 27262360 257389204 811715316 334901884 623205052 107288778 83861608 497784575 280306792 253358629 779721446 462459958 330872180 948815580 940333563 359704327 718479005 7084424 214404137 666869954 260394893 265455045 853307692 517918845 153562823 921906831 67969600 885302968 499199542 532300204 212735913 893684144 240480927 34603911 738110782 624736310 968247078 424287346 484820162 137527067 399927107 186781928 952502357 826275808 268681674 931925868 323565773 965976169 280174316 745951250 356310734 206644631 474361685 511845727
861051542 240931212 19845074 789146390 535990825 10122407 922017336 586247356 633150696 530808293 163331406 73193813 173140490 987037685 555241990 288587971 924718515 287948030 625471580 467692538 563736779 196686938 392481380 323062288 966743784 19204052 487185762 253578681 523482532 916601380 32274184 153791141 498084139 397447231 502817096 863482508 569965454 974994101 319346858 414131733 69895728 781681970 96513694 310183136 548039881 557540678 468769334 966735239 129204305 347105765 916374932 836021272 842917816 478205305 915653628 367817951 678003478 319889458 257494612 931728942 996548958 709311383 986186174 28573067 231068799 652937578 12780590 796616174
68013663 894950413 752982184 68184442 917965708 432980106 799045184 47982437 997278811 190712074 335703885 369756259 191299145 914800818 166493233 935365369 18898444 547932024 376626877 494295531 611335368 426610206 804342316 289244373 126584324 872286890 152144161 866264411 86577073 382114425 137644620 944068275 87441265 30737716 680012522 929878687 116918335 576852866 164525206 23172729 665670086 59732465 23967153 341071838 90153338 941402662 382045410 282806689 144182634 234398049 797286313 689279398 414711806 323072137 27793168 775124881 792009192 430639224 84525521 286921210 277555269 69701725 155261884 602155493 202959993 820322446 740973108 800994693
669782232 269175842 407730281 37128974 25459616 521592388 831892 258446331 343767249 652223969 260547340 35708788 77003706 907383021 443685319 532607121 842789665 266496556 401719907 214010185 200526560 21740251 787885574 951251878 590766446 674732859 607884241 693456103 349220815 770687782 103325074 765276142 135236718 881660011 945683463 105999627 492177423 826672669 224016702 55868397 658719041 688644710 930689833 250646755 136255622 714765864 358838524 800235599 567298786 793664458 364522674 564482512 744776821 731345274 964952056 520975146 345056264 681623702 885103970 567956594 227911897 714810197 426172693 313428994 974169366 231108020 114263440 538423855
219797639 215738156 933514170 731132863 747304720 635512998 41724874 701078094 9232319 238258753 880553678 424030124 649125384 790804482 433802669 608528405 999524222 886284295 191081546 459870679 388153972 739516631 877160333 411123469 297716820 784397044 587672077 272835456 861440067 274324980 728379128 964061351 428942933 962578623 16689283 762417424 623943782 194986373 882739528 535393302 208378220 658314747 91708692 477563150 558668202 668984672 316468940 71526621 794975157 783925212 982268410 315376675 415039700 699005406 864302496 655554035 432989198 545851284 630501192 836882560 91798508 150790390 721551189 260006607 932017434 732392062 35109173 52199494
201475926 112263907 319725855 962779974 665241704 43951998 725326689 772752530 858632339 878026935 267123672 26474941 308413758 108072061 50327530 473553102 283913237 681184995 497679124 751337202 570991751 312069434 652520563 942071651 677691067 321130518 541726702 396952076 252100191 260408974 338693651 840860144 193672987 508146612 493464534 649225900 266568245 468898920 629372464 377496671 363367204 55655013 195905499 991235515 593857820 372947247 956998058 659693067 84813732 372947720 720253657 566785632 892243274 309631263 616754515 749526790 843650675 550969418 266905981 896392717 615274546 804131798 323488397 436930482 465629574 518302287 210279996 786242124
202543583 589618290 604647252 783488258 240655141 99223676 176841567 712058905 943760192 758774523 159570274 591034831 641343921 612036646 533801064 499366430 460264155 38415531 103477253 254153256 725520814 499149631 215719134 133910612 976097267 511342506 865793014 618505932 996941186 225941376 909646920 167722582 555101037 727770465 31728902 15423037 773659281 620317979 168628097 184862175 725909333 119531487 721003781 457691761 154454019 502496456 87343187 268588139 67998777 795572285 656184514 595830035 899268037 362386351 392992063 859614290 943966435 676854811 910571836 592141466 455421889 740417141 842767645 417065880 825790434 873823737 370001929 830588158
915173206 100492448 501849113 644850835 292287506 448430825 648344805 948758273 653639629 727708060 663185271 189923472 329709690 623000842 544162583 608149440 610588125 857253820 308703239 149409982 398312730 213570947 628636865 571328169 42235821 7476331 24714203 196240233 52794190 421578262 785146217 348871409 965006494 708109772 274439516 168685103 509948421 738577108 395815550 214642954 83425896 780293958 214889968 627771172 298948981 192401718 775441557 481191929 777454691 679890664 813761857 577066377 226886747 359079936 487290653 786874669 581229332 183992650 837386950 721553615 108450058 352204781 209981612 228507078 801879765 665764134 815005157 301061659
549677207 616973363 948364747 533139270 623223414 862143225 573020466 567094192 88676367 553211327 443651611 98580508 702027919 529971811 823503143 985845258 65996437 34816223 569720840 213264866 449095611 838289321 121333745 561444256 478214869 301273489 596859017 295459790 895441469 899643235 821575761 260101524 894128010 340956805 359630107 984617094 383106427 794848482 219721009 214214366 203781879 430384576 920614608 945811689 66803362 242593929 933445183 621694169 221624056 474697093 374686082 700009116 736230787 778814655 503978351 625141518 813968778 474890757 891488082 722674475 811535900 270503884 722625498 706333746 933356240 83039193 451351728 682388530
486904050 763851295 642188311 882099007 458094405 225911776 4902856 233331920 245093567 312238345 944490888 882125673 268477393 691750268 154936447 809427766 692572275 101572850 377449922 485984598 874731873 964771958 153423208 541920597 133191560 328463440 874797495 116087701 883071212 712487448 377569188 690931876 337201131 564638001 852778 484744745 816188924 302913354 683802884 691915192 684643529 226634190 627167523 391092190 118353868 739262402 165730941 900526706 820960395 358875447 135000361 214968300 237927578 298297389 624929583 260652764 897837515 113090204 244234805 801448198 348820970 585093601 399797573 986638389 716270957 591824025 593512015 863002190
578913808 973959508 815737880 681621347 621257174 670909800 231414167 107693046 879111590 435744553 639694777 481749361 618232605 376965377 64048613 352171507 162145464 739404900 245132468 145283535 67006729 749075912 749335111 438055945 403323864 945007325 456976635 25817481 314250146 432606518 385873117 583023088 661200052 340386419 27570731 137140343 366489421 304386483 210523459 690181558 34320886 997317490 629360941 496010309 245995522 648750043 699097785 665475418 747970256 450839142 167493717 174848947 140650471 396508033 714118221 419035388 985381727 372832227 135083451 795351307 336186905 920124057 744660826 81044343 963371252 617309928 104159101 516924682
834214976 894001794 243956418 419174758 927895024 62726043 688225534 4873942 421254572 921704702 909835210 892322038 859659851 104167994 510536290 145529069 853560112 175749383 535642952 303998320 332272129 781756513 482521523 325457063 634900712 579384849 616943209 322380044 801742094 342443199 482664367 36833375 346858851 199810945 146725512 484156863 58908402 637155242 470116585 743363530 556804488 409070557 160259186 905751060 529286600 42643255 638797338 752129635 114935415 870020037 696837649 136689070 160704657 926388182 57789257 232597968 881524643 97773054 90694106 434868058 928856896 602455912 737842115 514372537 692564403 261391808 81003842 761342716
582409166 44476876 973188239 464301218 196324348 205531158 822499898 383305408 948027969 269856091 797599527 954829962 462902857 641037013 498400402 807989800 126993233 874305985 338569363 921026008 879166842 638641644 97853154 450440705 470457833 19253322 753253923 13345260 368870025 913763153 577634305 928994731 94957299 989067987 862189010 674881720 60686283 231114037 319711661 655543179 823898197 257238364 96746982 626508494 250892043 47874994 92075013 404581255 275465144 675954722 110090362 196227962 212262681 577403692 486003693 669830015 655980099 774727780 973173925 87394052 90232367 402577271 602362975 399205681 12376100 854026199 223287960 470373432
632603274 75327612 485414326 432445607 854014715 629183751 591111262 565455571 714781515 289049517 342076140 215811022 301914762 60864372 144375073 588970488 220452517 407122346 988595410 111359225 64897539 180842937 924363564 664544463 455473480 273080707 667043399 157606904 410937804 280741263 309594782 47901506 998879177 248822527 681072260 740338547 393767095 807162274 337733530 805304362 155825902 840655987 572476359 751426692 981934408 167788881 623995025 740305988 569262490 713883065 598755938 229024172 549690298 979336268 198809378 563648012 53819792 897939345 642173951 216035057 821671882 497140071 260869678 953392977 432785490 914827999 18823326 766807580
814392968 160452434 449110651 673050592 431353254 99894995 363121935 260226349 664891237 269409044 797699226 273613809 759234695 140266970 170654550 798011406 868102757 986090536 35081074 466470414 680409966 26275118 638097822 302430553 50342892 633385148 760942955 533060838 22020171 496578802 936841155 973126245 187929215 933114730 63166140 916124339 506645352 486605314 435203509 22838584 676805002 323964630 882591031 327943648 248369137 936000737 755258617 167448976 72234543 173640171 153377608 35417144 841460355 695669340 113615675 359375888 23819767 399848224 767896407 104830155 568429245 464979736 147259810 412675552 237304988 763719599 218573807 844013911
176200919 600087094 469605886 605940574 86447649 867523780 449473563 699138206 502341906 242501442 348256272 720375339 962955239 904832024 293828737 371880596 591846618 523370526 753416601 707922333 300376862 629242317 859439826 92252079 879632934 727770629 130809448 262067498 65909125 675523161 203667710 627405350 281782140 209214567 633785903 639123241 537428240 220070063 196036573 722262442 307576750 819618041 700818770 736525047 65237870 478608299 362901631 799460203 142381766 324774718 647932682 787646862 220458572 585075425 834290853 228660472 705322652 521561865 152027010 336159406 363559202 626679840 292319482 140755817 694961426 51106363 368429064 407367502
715396009 50041713 806220909 66899832 934198229 779901084 828853831 841505353 593910383 939031347 250326687 651862651 504495755 734097274 490912512 451193258 121829770 799881130 456960680 754552595 287023979 338028342 89234661 44105310 961906971 901263438 362854625 989766708 128412185 851719445 702965184 356496123 393986774 271450052 162009902 27394264 852486359 113689278 674857399 45154451 269092006 742548394 864078199 470412014 31002913 753670240 344905555 860515682 146817495 823328958 237543537 831114210 135337227 473756884 582269303 36414417 300709667 556737990 418522327 667083586 49541846 318772094 538791437 840697987 878690592 214523963 301753475 531817028
919405284 621064375 406036369 715287042 567133788 932931949 973422420 611337183 939910578 81124934 182331438 190280560 79726651 233487266 353282373 782443222 826279385 553583056 370632949 590633623 886773175 913551834 745756843 838715547 247893955 230337024 670011210 274664395 213901276 397045257 920988676 725243659 947402641 900292825 605046533 407186077 914272152 677578632 176039258 258090240 765976138 195144887 471988709 752915817 300924002 502260472 857584892 142191774 453129588 17106193 854971585 479452494 927540819 299623218 515764262 553836742 418781639 938428804 976887855 157653023 113267218 88600829 476171045 630481354 256836020 705203574 326240144 41980555
262652731 722433550 410368990 450855021 511308884 105662837 712799064 374509196 89660623 697116589 770565524 758041792 190113242 366354418 166883712 938824555 646195095 979850313 859749738 531596808 991870986 758940100 177236481 127786150 638176737 390001484 873451658 348979982 896577774 665171474 421825681 744845594 127859050 941722571 304923916 602853408 872457011 788729980 48054511 253929983 652673340 113329658 696316145 833241196 446777872 94418842 234248211 216760403 348418071 349029333 504542787 548222103 904272664 767112896 411540050 537052522 64298420 125148867 47268007 832088177 672075712 419333460 638745213 278217438 484057383 932194628 362414328 417741345
229568718 446260984 142126952 574543633 203385868 959398613 738706878 495195825 518232830 505495216 616084707 52444800 622059577 83532587 613167515 167722032 315987924 130069574 655950634 82481451 580072593 203847790 207864975 248277573 160220875 734240329 734506815 412291073 287890061 698967163 69265478 197154949 535516830 72798556 363144392 319433771 225677627 626156105 421768191 29223991 15048511 98871759 717941886 888419874 98974824 680934706 168518532 617848600 284564102 200752960 447574174 273643670 630032167 853819573 718024907 244512252 433269540 247601807 873780726 368551811 731581029 358151613 665226802 930972783 4261437 91375077 525052625 764484367
77327651 215564726 233494188 984319196 772038226 231765138 687275453 83820607 80556829 331030892 443961026 263071669 15628170 78852787 27057402 654128496 368732716 501978474 768483334 764593262 86611213 760142243 87060630 715233821 762951748 844366336 553629709 349818643 609129598 298950907 808765536 624427064 224267880 574962293 88144799 838238607 501714163 669784147 103528083 873958410 60909671 995702617 94828215 792082164 417627741 979241432 964357885 780240128 356515705 898485078 664123257 709753538 305079204 716686007 565284735 278995168 693343255 208392400 562756486 996638536 930216916 578342563 143955810 734274553 415550814 548767673 523271633 930367201
622919545 567427083 990031973 471535748 205601855 571278276 920230288 776342694 502361149 90652443 657792406 394243077 633107802 386555608 244489290 697927191 843657654 659143769 649979841 2098019 725662567 471730564 446450927 492825417 595185914 882490515 99192621 941110210 94035480 928977402 663987185 716999076 845793677 474691592 105469900 1482393 362766610 302218092 785345271 624466171 449679911 476788600 511183308 365108944 970836191 463845107 743548616 664787943 596790330 250855733 876608185 197969971 228061374 250289025 583386263 98102376 560609055 403478152 177679159 85395366 623603048 151168533 162712297 991731626 619156580 568411790 763412733 708299689
142494935 429186892 977050267 250420729 700658066 14544822 290804646 233831719 700447824 664963082 241525564 377359439 549078888 991274776 284989548 848431496 402966235 39888614 767779789 116863480 630574009 289279634 806398310 562809950 504809433 369393134 121174755 526738316 374858891 584434477 485686382 340006914 717528495 190561815 918283146 673201556 995472989 863582867 669851146 98634195 520145366 764099908 619300419 612040105 642842719 971138604 808860275 425452269 567033410 356694764 336646653 222885206 54879254 705712699 693976832 845928140 507035911 715193808 55046248 99105892 43215395 723890239 75960567 920006138 11764693 106537702 949194469 549735987
277831361 651038098 609254089 970174052 20026335 668233588 101619386 37327202 463974469 847020775 95697781 744055281 941232247 742267520 621117369 308337296 362129797 144722231 119691807 376265251 897709710 111704231 557042691 230599344 460096079 791369189 144991034 839311645 280091852 201371069 869500762 848662951 294582932 492122834 354276806 357895220 669689629 217497078 193079748 89017147 767511128 313182075 132261849 291494166 847023802 968135599 358360115 261609020 484289003 862899634 437015380 832343079 405275629 380615451 765473932 645553661 632757300 623317841 727177769 318460890 341589539 278406021 521758411 681246481 873198542 825290404 303676510 297555446
83394677 104772118 156497090 736889285 210777007 585376850 212954041 820945491 69905917 128842029 493769866 580085270 16561513 225265427 114380640 20046032 402341616 644452768 90421084 85496891 735700554 724732947 814428035 614916862 702583970 202902047 944863409 652498203 797255354 808668154 661793093 882552046 371841432 961925610 35347829 258057036 669717531 560467933 256059402 659445003 110206571 128081 296565217 428071644 356189040 843112142 271635617 178579363 739607064 210304651 998282800 706032730 184467388 913961531 627022587 92445596 13069093 69065172 372814296 841470887 430123592 719460184 635270319 943938111 894699621 476363439 854503556 553494274
582386469 608968501 915718684 459080454 89913761 565261783 3939660 12113209 802115683 54025086 826266348 345324328 809463629 822724184 332008806 64259483 462500168 497230534 565425939 463373004 218228075 6502496 581986693 178789921 530181948 981447504 692261560 611556831 188792000 842544196 837034059 178130661 997975075 956616929 322546743 862844915 261012662 479835475 470688419 691559889 524962484 371984846 43864399 655435609 671604146 343004254 288404847 135109272 305750289 534940923 540430248 953381934 429356040 702083241 640028630 377117412 172441263 579820826 662239550 469039810 401492704 306302806 517927070 931483418 980450954 859033778 896240466 680030958
648273718 801089572 222924499 169308712 896736114 812351626 803751663 680049898 562617503 681149046 736635674 640827757 305025567 140384411 481480225 251243127 229125810 504355301 166333675 490288997 820365125 446398874 20770853 390315569 940600802 207785511 232592115 351715733 462691595 849271939 433502147 517898293 747363903 334136134 904135311 849032658 262516588 723492750 309094452 390687278 146669976 380055185 824479205 243760741 343391991 72640538 661477340 531052968 700312009 413120050 425312193 818704139 68014273 909726739 369864669 191675122 623448700 354344174 332605445 347418224 464695641 854460541 483124478 463073023 2435767 316436403 166581676 513968511
310030453 561999277 823712666 765213098 985493687 196561312 253820897 965371586 825967621 451348153 8852979 750018247 959474687 251109871 744609999 881016731 259082282 195777214 416822036 348620298 788724155 27408870 622043715 919382637 291399773 732015441 555905893 706683741 46679936 418396829 283604366 499622772 465302914 232069986 420796089 56526367 921706414 544567567 245443784 984564511 678402997 636090595 928234088 233364798 953616162 663069322 747052639 489730044 960859715 363830441 802620524 98728512 548473532 281545352 11320434 824101999 676382968 384053326 135077712 859517959 804266062 468583351 402425084 334421626 908283471 677185053 754965181 396625142
26566250 959219909 181901676 863366812 736986580 807900252 384214147 231342309 955271390 858474131 948035666 22649152 313099395 107979196 194688317 224884203 530621285 154174947 406761459 387316915 634488667 160776681 306358253 538409987 713542829 903935265 875670864 279403296 750945767 664016886 586954838 140057823 982249300 62726552 616305021 171222567 523436954 100612798 439940045 963327160 159185671 498260252 88771983 307545359 11430270 190077045 37467977 607555605 461866825 984023018 997988803 588054989 55951325 640185012 444340176 813439777 607334845 558132705 121807785 160816923 829670533 242760320 501937712 370953972 316149053 984424352 832231971 883451403
293288096 532795484 343987174 846936006 715286867 411383656 211374622 791923913 805950591 591736968 940134955 545254970 588308848 888362795 661500006 417603051 688041617 120892561 593992550 995395330 276047966 172145172 556481574 779255719 669048730 364023726 916718048 893834608 378092594 538373685 321706210 679756347 700657093 640887052 310064081 770459249 775084126 212709399 661143081 580417538 483537885 844635890 797839522 811561097 382568938 709878065 692094803 567561930 291896742 577516326 956177029 195541665 586842223 607354265 301480891 650821432 933752000 138273957 783364367 890447560 564990293 956492604 127084388 767159214 921391 935419905 18463759 771385382
584147695 917659324 603001345 761278588 463636564 376812713 650089676 788026478 220674582 882852385 302894845 461753806 679162367 959339933 182789813 535947129 790940206 416452865 451910077 767497240 753112913 998936224 763330699 290221876 688992133 588301692 437935966 746283910 136409862 776081312 587731416 957211616 811127267 213027857 781927317 887551401 666536927 571532248 218384424 394186027 551056734 959172610 267016918 485531978 516583805 985661602 174672168 81826704 293672472 697347316 654926036 479303691 756424265 944871198 877474931 431824773 459042596 790967505 675425575 823547671 910239507 346993431 527106709 481109090 823996847 281879969 88425390 461741476
728205960 37492440 686573173 404417697 552252430 20311437 216255829 367415777 229527550 655376933 533782885 411521512 155298071 374474953 216199885 164166204 644899956 7803423 681091930 374252984 800890689 743579947 119095235 991843014 429931588 317368270 394343829 235767074 656121394 745730082 84379335 7670863 530986944 682656794 443704825 884254024 191242547 452778998 903169640 451906157 853635730 530679690 76011536 407768663 459420448 490068085 811266316 113758385 943370220 240784150 176374922 669571616 863650678 977809466 634708752 665199346 191250453 534559193 386534806 321648558 395026173 828392394 843328624 741742785 314607924 336895845 939113737 253877294
202549211 310206258 241685852 463173905 498768012 303125220 585997475 654169849 834447727 424776225 118128932 477707078 399881229 700241786 878512942 621776054 828483773 502579288 875895425 646464370 193683491 976620954 323878556 808958050 456095973 673242761 259641332 833086057 958737100 266793167 809371080 878411662 862974489 580844242 337325505 431191366 491795710 808406478 750712203 456716198 772981781 738932777 836240742 161701070 300892607 161380095 541075671 771197517 840003052 456845110 532253494 541854767 463876182 689905065 16290653 570841160 538797090 9989221 505387978 114905645 340965678 271262301 411274891 260588687 153133604 465304784 276829869 409110994
454914953 329925757 233310178 162537701 585768049 65002580 412298528 441204905 329044429 879386373 722080731 221830475 683271044 135961905 430844475 696651194 924513042 598389421 891993337 969006930 943044924 859681770 275866861 515241718 230909171 968859168 353205281 387427048 463255745 373128649 431369071 680986556 877472625 147297750 404793194 758431638 775315862 326441851 658597380 838870826 902425051 500295932 935070829 621387792 626695573 699942694 662589394 915683156 401300335 768981390 310269686 55522472 973196626 999234970 358144052 592045367 851402435 815487441 105854104 96292601 504999083 38532598 28713484 72772770 926881018 464147224 996501978 315982032
735780018 886908734 811785927 193348917 385008242 140378035 585087831 696584845 449359623 666824071 819612750 9491133 431427895 465018233 425875332 242159436 924144885 376842648 733187437 662731424 925138693 798862960 446319431 2784156 561532292 902852968 15420208 515902070 448132874 460817561 47288052 300233377 881194342 78470747 576937970 537143684 525571133 200249666 261381300 878352443 308490434 998177297 488699881 432013954 462020787 414596016 657430833 350275439 935431292 816999424 853735340 471361009 454373610 862344865 211275192 632610419 364201900 998571858 577307362 2237252 646881879 548496118 619800368 460074346 430039189 483663755 764323619 896153967
933118400 293357664 268955521 885144628 343464285 808616211 592011436 513959562 356401609 209839666 61919279 992504128 693820338 297263416 582463269 770913073 935986656 675995092 748256500 455949213 170657170 789481207 58149238 465039525 685634369 177966027 392034879 454782017 445197199 913734231 435413223 119990423 477133186 250673452 459962603 227900074 581935180 379632447 394585197 925014402 415433245 497646984 803271867 708495887 152597921 671728135 691723784 387532378 825738982 808474561 646956544 130671134 381485501 771536485 159810426 444347427 475347217 502260860 924253332 963670872 444579005 108948006 225033143 4646498 689876189 186273523 934046004 741560039
259392015 266532784 907563658 101726865 193041846 675650679 655305574 423655777 847787291 992259574 694191461 319366597 546766341 364614364 279946923 161085068 990332389 187392730 938127902 94377321 458326132 814127386 169620008 361975549 722180817 379320408 951505127 941424577 659412530 313975306 113171486 690306062 693448406 904490027 625057410 386239186 777072161 785701979 628741509 379345319 98836139 900658918 918823945 845010554 425933973 367100165 670215855 396635797 200876073 310787381 435720458 473175191 333217211 882551116 586862479 689380654 867563261 217099093 184291773 579100244 769066555 900599809 808253721 195459140 898226047 893517939 284063445 272860909
152058778 582459861 538053177 284972497 621762780 239746656 844303768 358052497 501715195 948966798 418532062 695124899 854379510 257652915 555551079 60450457 196466019 28161838 825134627 992464894 107271293 744631739 754822083 287898348 247185966 653168290 784517178 2954479 124143942 317426732 152182303 457205467 223098155 24229399 83365318 530339027 519630970 672447316 584524832 520197178 207203525 920029567 904183537 827916697 868143622 298894092 853016767 713318966 739909690 346145123 582831862 135448671 146745287 173268395 89836542 639595118 403218216 385515831 159197005 146118317 530455960 171529342 895480325 410971927 119383832 755774006 4904122 728751777
262357914 91992915 230504374 761135718 396736036 723554623 7057936 60213235 231011188 729164150 130537846 689035063 377696737 321753297 138009536 760440651 55655257 950206457 321429034 303246805 849121073 260768633 641491707 836401583 721082898 88777494 925465251 373223845 602313955 983257899 411113999 536368327 597465810 836674397 944132083 88599090 250793092 2760337 143283458 27323913 408783774 237763416 834146267 607681135 998256686 580423091 186617501 425059269 912110439 155239463 45633179 732029629 865683946 109185680 91500726 522009847 771266647 899029318 620181337 90766732 820765238 651343023 22376967 493962464 459006567 383973998 177143520 572931354
950022202 693571405 349570781 992888275 44341028 688828931 620465016 82654731 879102279 948121901 409829211 406504879 314267721 771082513 925972606 651802266 143311117 463865478 175254929 327617369 629965087 766306690 957086441 309062013 315630593 563131948 725442746 276564081 500739169 212732421 88235713 571903267 231312993 166309557 264444604 405566414 413909898 680075517 603867961 403210209 410070430 478611341 125538239 830031405 622870981 66929381 495002962 521633726 23259774 547066747 38127062 386108060 249878100 277396815 60855112 358233158 737533860 97888017 270450006 903597281 854257277 671725411 191143354 601619602 683743343 260758106 466332501 29618387
828276327 727848177 436039483 116324300 333101807 748382311 766117206 76548052 159434979 892005551 358783643 752073440 18823551 932245168 513885347 945236169 400527419 841827884 189815276 27545187 57391308 807434403 857973459 341233380 92870789 285028510 35794035 763379788 409278520 928014570 478413137 316401365 170969169 123467833 467307275 338412073 579474137 339672768 771886692 950728171 666485278 634456735 688604761 415416693 485700869 617131421 181757146 323601723 691362250 938662353 58320815 305221483 131034345 797967078 605228346 201911952 246079195 435890491 374937039 150323406 297751620 58071393 882353773 904834449 233646214 586526409 451940438 481269476
799834527 608073824 591929613 865129639 101057668 750706127 979546441 779128181 513864982 269748438 633537919 70566544 187966763 365712754 851868049 57673587 98345043 324139575 138455684 240722630 802356441 246151050 889091070 262417027 451904141 351216490 333397295 624418092 239753308 561508488 978550397 682782009 278349885 586467218 955067031 585717588 491379551 491268959 357108433 444118273 4432170 54197108 244102099 767145700 231120581 61691907 723160681 567813628 882980779 465387584 842618390 675817792 459303558 602243005 584236074 654989174 158029783 369793043 84681101 978822765 419576603 197537048 227780629 899776615 391601565 359912637 221235512 51008098
708355978 67961086 825721060 72511820 402763993 531132315 636001784 980436170 136951630 770227605 996634970 92841133 492109732 69904915 787824759 327059202 169374406 587368021 750336812 801043802 847832626 273080718 853744034 558824041 327499672 293386861 629243653 200064391 905605056 62898555 118976748 779524946 859473019 472635479 254328318 513627817 825067005 260695912 464267536 564799914 216579688 564214863 975999673 557951093 924838718 239690571 776803625 530733989 839411413 164382938 10664930 829320512 164720088 766525394 515899519 348163363 848551842 938802486 60070001 97733023 88293435 970628810 651698511 27669994 902952356 116063973 390156734 617657042
697844411 905155184 11300316 21240033 420814231 804000614 176460707 592892223 850281219 862963265 492236001 178035460 950745731 716821630 833478338 295208035 819416647 571976926 255691978 787804357 998044830 56574959 827175173 803286499 810406999 982085050 733003219 399555118 632517075 830360838 544455939 810689556 248999635 518058845 535916020 166372136 384125642 716502308 576911239 51628525 985425981 121314826 535781584 618052459 612294083 504394895 702730260 600540221 357254940 470585887 398120323 688287314 547771774 996603568 999165267 280640423 749895663 294066021 743405720 37616590 512013859 910627064 177635952 161623991 643514585 944745923 428835834 872801255
711598970 486064914 968874186 307106896 307819502 485306816 339228394 335943838 922228915 504143426 586896178 869345909 950723836 501449318 29028003 376608789 931205668 651492156 963670299 585864986 417281946 449185224 132668795 843769326 864855683 195495356 239488834 337638886 927509950 158558850 10819699 36252426 922897548 441087554 366398793 836581371 948530513 80535483 170442414 689455990 285395520 445264638 691779189 755720051 915688178 944520874 923094301 720589636 442025848 491798349 932234430 219509635 563913594 66531456 376193385 433459299 400935879 363416316 13941594 172812757 910925883 66944988 531654719 573131453 494751991 157590868 191531445 830713993
288636858 496713144 554146917 134399332 198456871 88768493 398593980 534239704 856752893 171553313 447855603 916104129 217416631 230641410 10809166 951381831 553975808 164510986 807692291 15917601 328092446 100889348 553728233 796045951 15516971 952267823 702796892 784126203 70427457 298697927 52373758 684460979 880832278 428548048 664452069 208085402 911003866 780618725 548290712 96189641 195584260 910752310 979664702 16507215 570821576 560521546 926291104 614208903 673196523 500564598 632828479 626414128 487074131 996051843 329972081 822854825 753591553 279947507 248956803 978984044 232925145 461760388 169234857 84810965 535604556 673548224 322367937 207304439
248104865 401971935 706787269 621111883 594103052 520574729 720963098 932707779 104326234 905273092 903480915 568244220 225574123 466412298 654792914 374252791 344949144 574949533 774997579 11401039 243696739 714409876 484926793 29263141 507482654 620722175 522114570 995116523 437973176 544915150 112403253 498778730 682707690 702127335 927797264 68917249 583985120 308520619 203813725 189196102 750811204 862283114 396961541 881724419 216125329 490993014 269696740 730946227 285928662 203775792 671507974 388785023 235436681 394664080 505720013 227404286 893981912 469855102 973768370 470767197 400160374 408820307 536601769 987539545 632341745 320404050 722573405 905484480
335492122 968292703 445007630 41853379 502418305 665613181 294003854 953409780 861886855 298243072 946983981 532592168 835379002 146806217 725039014 777676544 219293653 608611715 743987554 353446590 618775566 494368216 312437451 112820401 879964166 706522950 41476195 258116641 808921487 125234516 75985223 522517356 917914597 697644353 526694288 666747963 48998438 404920860 976028466 136391670 387549465 971612685 429133429 531736365 659642163 250160002 971681412 343208124 66340740 54288924 275459618 484989630 372951633 261711637 118874160 577170474 304795337 953088920 856897494 261847295 396089015 296872405 441687973 655945034 660072654 179789735 454862913 884377491
982081301 874505556 859346733 927363328 222621523 385227120 743206842 636383931 150850709 804438624 986037639 909077193 377326196 475625180 753865263 457945970 585259487 469813011 517364547 33294185 417715345 776743870 897618282 168259766 374983944 108750018 122981176 551237813 689518289 869213233 835031416 821168948 139081066 880408556 944347460 938101749 104410187 120339470 959384771 865439730 519850549 518634995 129852699 31890326 191083367 255628185 384490785 336482891 920616522 229675458 858801454 104285315 263654691 674332381 609065893 425756841 635513560 53024638 978399732 142181843 224501690 323461922 479545397 747929981 555216715 348886055 472940518 105104183
339683020 941131110 97135091 951695572 531246069 80525415 740304564 419558558 176674064 803908010 23252509 383490301 251162420 375680683 242575334 984138922 137902699 83362261 922461371 722495655 193519277 918421514 244569943 35752535 667438911 859250244 480869594 122156610 91917011 26947112 180599068 676564145 572789833 689933126 972477488 256315880 352362267 428522256 635741683 911452684 891540685 194608611 392936300 998885823 685599343 121798949 992179080 117104237 482666125 733399844 139314806 284923177 511402612 368945984 441610652 422350408 687596879 890875724 124367090 965045301 568878138 916166354 692865036 856026221 799143017 130612434 705120921 996638350
324624836 19940406 782890969 687617496 276803919 444592845 479147809 13137697 30085104 294125102 99937245 320903613 435669152 855068572 323413418 778354582 784101404 551019758 777260238 485001364 538428101 221592768 407138743 33795634 383867017 721808821 50254273 277074691 314643341 715902122 438600948 699866655 916876679 950129057 681756008 969679833 422777770 231385086 261495568 612272403 145524745 972259427 304876671 367715702 857832857 800074813 365561177 945084468 523805909 18307669 364890441 105987742 137786304 194534186 915510439 870504912 73581873 7598144 754427784 237435413 776874889 138059399 906851604 28134428 162124947 502182046 983207359 89880847
883205220 241526325 901064161 440045970 553342182 786276913 343461369 693013158 408352469 306575935 715706857 93016383 411294359 752207749 674571260 646737586 510309584 509842734 783738382 696724946 709952488 375075923 170053150 136041938 742041105 904360735 812507754 736758483 497951485 87213793 694209065 894148602 874790111 452259649 289294482 995505599 902632206 308372564 605801866 324077749 409876898 179883759 963742172 791373562 972264243 902526311 346988487 255704019 382741323 741541173 67899584 789666869 193787391 95435512 812136834 129708364 380467034 618921372 386843252 58273789 716699602 302327114 920779689 398316924 239005442 160022983 894902689 63522830
711637884 675540123 778872902 137005693 346302748 468306989 494238235 614151992 480776465 785305156 957737512 995757095 65772053 126177402 569589826 107102033 257553111 411834777 388329011 418272364 645724215 38644895 786548459 316263701 83968340 927633743 498667552 768502645 990789587 221178741 803673921 978465 933783373 262290159 836564608 79606573 726529988 642912307 10371455 759179227 787583607 731727530 57709485 13561729 840006265 705993010 41270375 613742960 99338339 937572991 790814197 184236482 875507218 266852919 233908572 113605628 536644589 266069467 217820262 968346560 758112590 876462071 701227728 885604746 74531964 9245015 209668621 873372456
785959102 709237282 50528427 387617612 302542213 417642515 869160133 63414986 782701349 385341656 321392125 511978479 90440323 720767653 310323954 555321435 575378898 962922379 551868937 866352835 513536953 843535335 403753106 253175705 457313102 286841752 274279218 404299638 503841734 220032261 723670250 710633448 534042040 95682486 679519543 252080211 123734323 446238516 647796338 38499068 620363109 25866177 696527992 991387955 116845798 519747703 209931723 673935131 550185882 128977877 879639088 381969694 941871467 114890055 117069324 771424281 702797908 289522726 350526928 725020271 818859967 755201503 423966666 743139056 355597825 6980666 48761131 657310856
75525751 170418706 364733886 134591768 48010727 816266980 162449705 455838163 546788116 29916876 930579397 296870917 934535618 952514042 590088008 573918418 12357338 804913084 738855986 628966596 733910883 333251663 383337017 265277593 353129593 2199936 229198083 171098232 192412516 923921302 666491020 626381413 838495585 421105507 634303744 661531422 277186298 158908897 406244929 226259916 655876252 911512447 206063755 310775196 170372517 244681877 28113612 373221180 505526871 626044760 192281471 10278044 219899180 758155610 134222555 179121699 208351349 265761527 560499103 89610135 743515771 891618936 630612787 395692110 580751316 934371525 817266265 434490784
184706077 13628020 78051784 385650078 639038161 636761213 802102273 347990488 236959014 398797992 878338234 384132130 63651122 581448974 169878944 143690712 971874881 597965619 692437727 989782886 995402072 20543223 402400945 353732054 237463150 172270825 724417014 178302701 779172098 938082492 220129605 234044642 312379936 649073903 583183646 725394842 929604462 267109616 190285698 996062883 345161096 476354301 996933976 113357043 916578055 852512288 945992847 17010310 124353028 350630194 24304992 603905211 265254670 138586109 912598088 591974375 134520310 419331131 94052203 982994186 731496821 716706375 755850414 433309901 396071149 135140608 563501348 65345254
1174168 720383218 264406532 607877108 885389937 620388053 63302786 722606732 292646421 859843135 698547214 837747522 299719660 435674705 302378105 167795634 12421247 423291378 180785792 713969740 75089081 291938213 965250101 284599932 633388040 681806560 857917340 829664806 686153155 158023435 148411114 575295237 526189032 446147467 617195331 250627505 654662354 797195917 543345327 496777160 905618158 12937867 66965889 93291121 430361063 384826624 376683523 538246704 130479759 799116521 723060790 123004576 717382818 411025267 809216618 994709447 363594429 330496102 32007158 581020663 235896296 802353629 564418638 23137270 677063317 521735145 802834670 943916856
90290670 134484952 69849181 686851 451200055 111335561 200334224 305460649 147583537 441810143 874386554 531239751 954689849 19254385 370117327 600680486 856057520 892837361 784914830 335913929 536333720 855264506 820140471 424585346 802638430 655362748 448050557 156499100 719960218 450149329 837578120 327198048 41996703 657690181 861858083 381993141 113038993 527726573 694384629 915202179 443875080 437000655 891503504 483642410 51403176 938776982 564313567 76140216 858450468 404294159 562543898 580213287 848800327 867987007 252451023 445399475 75582632 250986283 146988236 41641489 439674114 211379205 826284926 313290918 413279659 332646214 54804904 147942681
464737267 884977642 64500824 432306301 210744610 557934783 798855414 437527695 960985134 370067778 506719355 904402464 603821028 178039961 661313853 975642610 861743844 657704122 448996433 222797310 766226250 364106010 424509879 683092128 635298573 928691084 773152730 226949106 50363395 265893752 951622976 657418459 642238310 300870446 457612906 601727208 987799653 995540311 380313505 697798881 724229962 316161272 445508054 199025984 246625872 29396744 625552111 213031725 625345371 165893331 37591198 888514914 265897173 75182916 409498863 83786066 904493427 796055983 763116474 943747294 626423646 206861666 687019038 954290399 435777893 759983484 58502378 565888562
509267908 447138561 32091709 175070151 111739586 640870885 593453346 797051932 372236145 146777438 507273601 858609048 187647025 777905152 941500253 312082642 635109713 369359300 310213019 532679149 84328193 975586083 599414368 214782571 299513507 736176682 911487534 477916996 711575389 118332959 251643291 886370230 677739928 512420100 266224467 343448983 26667597 918173375 566309510 470920995 466875228 418532066 271934672 204088398 19760715 267912953 250179769 117219482 58170041 83018209 224558785 785591582 310116629 742975603 763795686 634457758 96258811 595758933 347382636 740304380 167872848 95574053 367081729 999771475 987891451 750770524 282501239 390353775
955192393 942180012 882282718 914285419 172119915 723044786 498755022 217048556 418628796 154380150 994405194 557462410 511633801 129901169 141644266 878606003 145731680 598130567 818904410 239792829 727613267 582734715 573855134 890391691 241013540 293820960 45381521 319966164 123874149 226542534 661371059 937371140 105045881 362077360 90518174 379285242 428310393 508374425 911718513 337714594 244935911 736922319 414290830 643667002 683807936 309734502 69844081 83584637 28775884 747810931 43906852 521713256 604351673 271075940 711417353 873178518 156573981 412975561 973416351 611806482 821474991 644237994 34030092 579853919 777932659 579978133 908591385 692488700
644579396 541103353 792252724 890834476 395943361 329484965 66358876 57924592 37437570 129783037 889828508 508236506 80380703 691697717 525948310 550080441 65674572 176948967 102906958 428744623 853943366 406477430 497091505 336125180 532020658 465760548 271392523 169912793 960418391 118234655 957588812 614821491 948999343 489890672 525742149 904092669 367629077 509104356 722372364 307405361 861018052 216029099 420961765 35732977 50262381 448466145 505503170 950681953 747743532 72400404 422813143 960861615 745941846 617574459 899814753 226087988 863756598 549007878 586882824 529949012 513793596 708634682 95817869 92267516 791489117 302638832 53515157 587935849
764715463 19506426 475890939 170588045 293245699 473251596 696536033 351811391 704389182 119073537 47885927 973225776 168414722 228274348 896083670 878945530 645809583 856591790 715992790 919272744 871209892 222573116 317422219 297401170 411767198 696063739 985132705 652629994 411811157 109700777 724238030 504719012 336024700 237256629 921787523 421751894 975029130 566992748 989962045 446417274 431718062 136072031 202022711 354555391 789318614 140235555 75547555 656196556 276415206 848081908 594362403 36190927 335558730 835923999 760507503 155735577 829401648 534952740 831849662 986299344 34522570 105034261 534772956 574669709 179532388 948632880 495534016 664926212
34786656 991798845 957351936 355745649 841251882 449906004 635733885 832152705 430350637 35847064 12693601 709963666 62799959 85166658 845913913 569851329 217738134 11624451 292160319 547501062 623158371 365046802 391730404 824840208 159153930 951010571 736751007 201908380 639753115 494717241 346724208 423895900 95975037 348786200 361821429 267204917 602019292 15575482 868574918 68640645 44466686 919943392 787940930 549703599 556774940 413037714 139049673 919281424 444438261 869568099 308165217 955589109 586183983 467445261 435796213 217247192 579269892 800773602 638035949 611366227 986318292 688378031 583512576 787470753 705763030 213868853 85616423 204236445
920617274 958950338 264833192 259576463 979170125 364895012 97641930 959637215 35845956 717781412 939100248 705287940 500819713 837897598 391899991 463686073 611716187 186973629 975209120 607035078 321321980 937479029 761758680 573883052 324707177 659803333 810511696 637933640 236303521 50373052 67621537 434065984 523402192 732401900 558909432 298373713 881579516 683014932 723185972 844941363 713867323 701705691 125037875 190676071 309096226 901247617 974710357 660566700 339549958 563179466 602645393 114507881 335864008 92963863 546670611 33811928 845055183 814755351 1400804 841538723 941123990 212993622 170047806 189494642 777130982 846383209 335153836 747417374
778659360 760949017 464497048 835440015 305363962 651751335 419966107 900246145 172952653 799566736 698740660 621662302 338084604 113552047 739704440 253870890 791622762 617504004 502602661 578948150 702524419 466372434 432373813 424334183 150089079 804241285 925601912 948573280 489555213 833170694 277551967 387199568 750130207 145234707 36543747 287385133 335835715 480276338 870463513 841526306 735756798 695396213 640798644 415914533 685021250 281614012 909866175 788041046 546202073 583028966 489966489 724656185 846301505 841862376 610076970 52035521 446935804 930365896 358550373 492304703 299109670 623289262 801870943 697246204 456525150 456780492 296629999 147219305
949995321 893535776 383772318 734890525 351561745 408358971 957665395 846796946 844410433 594316727 245903879 870819483 926542189 18328182 522930824 537586244 393460716 550825097 410265393 862681958 333211540 986129996 563463687 238745864 601735678 579213223 429508570 452586117 100415446 236825546 68136714 39111901 690970827 537593566 418237777 911170676 498758418 259042331 575007461 354367943 763844584 4056564 690177118 934699612 516019081 562300678 196662826 523701201 440586662 293275856 909018572 620392262 574924331 953843012 924753329 546153418 379401855 833715771 710037038 52283647 665954133 37705222 723391644 490667870 312876625 967658206 587118996 368681859
601942963 416914486 805139647 227907875 73244237 49499335 766844529 931165607 380902013 797043247 19732817 626654557 918261111 780263633 701790026 69725839 617542395 286953448 370715279 131884389 323580798 157786781 61067676 376361009 299311085 466773610 708489080 163455307 114034439 121747715 463671854 988473195 817130856 592491518 413970378 637682573 142451224 408800483 656088521 375379903 393424349 589776479 721073806 940625036 681961993 532053510 807522377 972798278 516025976 90652251 313797142 920174919 714365117 862681764 553429436 627699337 830518397 127011526 691490195 198965236 884482937 157686013 868807128 316300471 450641397 404406373 11049334 94011132
462689769 744568920 744962063 310306615 173573355 753968737 779432173 705473022 288552296 346110000 245068263 238391876 369169711 779968907 920202698 768959453 893122246 112776080 128033194 12257853 29280736 645223999 544921653 660190178 682871219 341395166 823162135 94004890 616387777 724216552 883053192 395831921 961097328 305333598 47092085 628957433 79654266 749597226 153340272 224659473 683108390 628761796 136711866 821478167 807423167 26144884 432995458 921560391 932933300 225297856 376621653 4515326 936161230 509926063 383872045 672336377 819350829 683995976 794244892 976964267 608865186 610396845 236308827 275347868 893357039 542909440 752445256 504126838
380019469 303564475 964885965 679042952 84851803 861671245 420458661 646030603 617485004 581166302 314981527 82802684 197745356 260364762 678475811 882545668 273431156 861578125 378128992 171759740 732990863 719595178 905993301 66955684 971064107 750297314 179720374 977875436 709143837 113376016 772395459 436161638 158174711 429061287 76682069 859612290 43537000 341048737 989558404 960034362 109907985 141649228 922741581 182258776 967071251 942251280 568496622 315342201 988972779 742567982 368625492 792436530 750933372 574038328 500832886 183673121 727308347 45999261 439147519 731043090 215928547 785773821 829497836 565574393 827640036 283440427 889870031 470775883
323523741 260782440 937990643 144614861 725188101 168258329 494747205 454345712 731755055 825834333 730830385 595062018 989096080 195699295 389305283 588285912 383085784 604621251 694424887 489036850 504601473 431294160 348741689 234341170 225592234 212305433 919440715 66036665 795268239 476925302 603572805 647590224 667170889 635870264 962784052 570180839 904939786 935684354 883538412 415263246 47216379 171060136 440701755 766989466 529299623 541771966 959094924 552573475 845278086 139194599 282321813 287063414 70592482 168025228 56763032 914716641 688523966 388674235 548844431 255244880 219636049 545308178 121173463 632166751 435522938 605734795 389613199 691943545
868181134 928359497 133086310 837823978 41158164 919801336 26533324 566149780 857680437 676611046 7162155 141369818 999822802 230120192 310207535 959500589 489104266 153830666 208483192 466383257 869303779 734269005 891386938 898439218 816248665 789212166 736523585 45391465 835201031 716179506 671024425 325573855 605408896 567820208 809811723 302225338 424149415 81759319 114180650 473294997 802488064 981129655 47208407 511134930 332064856 247448089 580616885 905705033 669611300 582886683 979693325 138532211 842378651 93865267 938623360 30790236 477588664 947202878 957698580 70685604 615970821 568409775 350627199 186461743 447710682 837341190 510447146 39154516
491528300 271173155 934722269 430856572 878978912 766713692 458983921 429890284 319489266 309737746 64710642 96085557 613358548 944687044 207016609 646639999 589788906 765310828 826781883 968561652 562503139 241876922 973785827 293459397 576940803 951789039 309577450 861207786 439214575 930967247 688952304 927308477 801214246 464593818 563516445 772529061 463155503 869639729 155053550 943617370 337544030 567556793 584375550 848814971 42433807 971188915 900070821 220174945 489307104 106964386 635406033 886661576 565821525 659163771 366490762 52455285 843880653 843151200 150252565 508297147 573146421 166688190 653840029 278348747 186074617 474616244 86627692 262617897
