75 73
1 1 1 1 1 1 1 1 1 1 1 1 1 1 1 1 1 1 1 1 2 1 1 1 1 1 1 1 1 1 1 1 1 1 2 1 1 1 1 1 1 1 1 1 1 1 1 1 1 1 1 1 1 1 1 1 1 1 1 1 1 1 1 1 1 1 1 1 1 1 1 1 1
798911587 255185534 37411185 612480574 217822660 573375727 140995909 472340766 986962432 256525128 549715833 813591549 660440526 854711168 500029560 141932092 235037231 345617722 355496180 168327535 291078904 248681226 893967784 16638915 732545416 803593774 716654852 746449517 463531277 160221437 53477573 78342247 21821034 20388950 975166123 284086203 864965026 915000013 78211252 961081953 239913152 266248245 667032707 409760843 405507519 626834727 124258820 800585508 593569734 730562500 951384362 877855199 926199489 81152044 164559188 896785979 66107260 782453163 910432952 135994851 291891192 376996240 875430330 640972821 215121927 956575597 145491816 387025678 448678781 692450546 718100780 815315346 549542303
645089436 173509680 852989451 488479867 564468982 66426553 33391381 630036908 250835746 570725927 364873886 7799210 184381281 482202466 829411203 581037377 574939100 19032849 945561240 649095265 880210096 35599795 217884815 455631467 15646969 954607431 213948783 1595905 785455729 660585666 555872740 30826493 624779237 991147567 761398345 330281235 474029277 745151861 321209560 480652883 381036484 456360657 66484343 697756909 981875151 320655937 223277336 782167845 340576747 448938909 553076147 474286365 802537435 166563906 330867010 888465123 358836934 664950319 341533229 501958637 33029772 329529706 535817114 735225705 598606456 324883725 457481763 475763412 701831301 802474658 508684640 572286713 83898383
440976140 846579128 924156111 622879678 434102730 976688111 385102509 527149136 510643976 806314386 595231538 382771674 479266983 112613321 493080855 884710814 879634098 56876526 42507482 908980115 419485684 674121584 249932833 186657209 572789345 462752692 130153790 121225985 847225425 275991537 461938021 18083218 775059709 3022446 893562991 695818557 394606896 921956896 937532386 761026905 192535671 566550238 304678878 88134326 932106466 13570137 22582944 894978807 388134833 55651380 538202120 312471805 697811304 869741404 105459990 872547562 57723974 488573716 475891089 473630458 117578616 832022299 482805529 862600519 993505090 136630150 896249798 293767112 905603817 234062864 212089667 325839215 877292843
124462115 727341575 863354563 973605607 430805470 511504439 200298330 474256229 81428602 220156795 921918976 247662020 408551091 760208286 978414398 483076756 366228680 428967060 874193346 469705682 624296142 246827285 347640816 187678905 952524500 915125207 639279866 46597564 388895981 955957251 251943377 71773753 574373359 221055125 536576920 859344003 813212957 763501917 900544817 338976572 83732534 307446169 238822826 698648789 86231264 413616886 873250007 280652783 141668308 148299241 760253315 214649161 512115088 597510140 687423781 197834833 784438555 245549814 249213304 939764824 827352471 776394228 745643744 519177331 693031440 750736927 514655367 174491469 618244481 94917253 210814390 544479970 877598598
395935448 164409305 577204066 234622220 673404614 938436022 506415111 625271807 209565508 71600265 373522783 350018540 664364822 931973954 374647365 278370127 348329467 519106331 238404044 519675193 947997560 674373532 691568809 750756253 77506427 837961655 401440887 674528134 745982680 110010889 446841683 262422286 102351208 917506623 83087469 890012450 411764911 690314849 542817402 961872919 204979436 122751276 269442496 499133791 153939820 419546147 237060316 210265883 382245911 374136154 754902036 968587248 264910219 710866999 970062892 999857615 287545833 144489501 87809928 552706941 732025485 105979412 117631000 187401015 589794861 753835642 481283172 612214014 901287289 822704756 850118606 794060775 72587727
730191904 868206763 808001141 631589169 85714765 599104879 20998217 808376381 322899792 499570709 510813596 963295569 524532100 127184410 226887258 169424485 995881974 822332650 486118593 430096645 199159584 740196664 232349676 315180031 177982567 767534857 488296872 4499551 25436642 387734305 501404915 732918543 48244058 207794065 903325979 198191528 153873932 907175081 782051163 577345029 711522991 815443063 212507460 51799477 911573290 598644036 386288564 284063849 760096736 663074471 256080610 513162647 54872676 438712474 109544449 9474560 795572027 888350205 878935945 609971699 248225025 157487546 551443189 631408741 733191009 655808581 371853450 926692457 89572137 665774084 706486016 349060384 472649788
743624420 793382590 447136376 925377005 263610749 402978664 708919786 471350331 381327476 361398030 669478267 861934001 878714756 720581510 197944175 378536879 830556895 667330647 766771247 434615771 352750062 396923048 887033762 522628770 910660756 224390877 57883465 555648745 902563226 869436290 390316454 275989387 183478281 296513647 456585783 83801203 825655697 382548341 77273968 630018933 933790042 409220571 832976830 765232902 238178991 966183711 421178528 858992109 160957073 224077511 690794703 661370506 669149182 233310567 554235530 539829191 529093505 495830374 99188452 100187476 591729758 779721215 701746495 529369124 130859056 369871621 262536218 505742723 869036338 672345672 223424245 331049793 326390747
340364252 901938923 589870093 579346578 509054446 605130476 943042217 992052902 946477802 360619583 942977389 151430329 535442547 909721610 20270496 754414740 143981006 436285816 168743808 531741391 300539677 583777438 885674617 230972715 81999789 93742359 462317560 421221913 37492626 11839484 741391896 488473844 317689678 584572262 597224321 523679050 772350351 937714888 984407646 360553054 341237388 138392270 948493767 914746705 685331759 206661686 989295853 723377222 397918090 389453717 24017440 868691255 537206105 99550203 485769194 829456329 797169645 395795074 971318398 321638350 825624558 228860365 910509808 297855481 569044273 31834347 327558624 461942239 407991700 650747346 688014810 368773005 283254535
689606627 935667851 63119697 871012811 611283952 663291419 100414070 587862842 73677530 147104779 307345692 348327130 488276148 809890751 490537063 628928626 521834355 623052737 938641174 10340427 453137469 902623080 271079494 425785142 128308438 567787879 680594580 836477486 753760909 353165662 435687981 921403442 972701041 228369293 753649072 144083254 320099898 570092095 307072853 974334380 687412760 515594070 473129830 879126896 730575838 69444518 751118648 41423603 1456568 352421634 356452578 294185573 844959689 472704527 816838009 316436189 971540715 825815732 343036713 446694868 677589495 712327967 57615547 806010104 909221195 410713763 985993292 902254533 630929640 544851345 501098586 26629040 841735398
759864188 209950429 581432066 223790435 885337200 807239518 890851376 502557091 810129258 378654151 565126120 369824936 778167342 434064573 737438117 775232841 480113524 512484064 153652919 642533963 87526497 928615943 325921447 708316193 91204424 941273802 206126074 40027139 218240267 356924945 940590171 651252094 115664226 895809516 215969669 420294043 126458792 687428745 708286039 513657097 768212566 621291725 907906134 797072504 914868260 169837108 544704323 780682274 70720453 499103187 41335336 657909745 722938903 509002503 110536265 133744012 500879552 896752554 408278612 834791620 272671368 746389954 94121692 925680929 490356859 425538770 361419454 985159713 586049037 575029939 573569399 712020756 908000256
392187208 78642570 81411703 674622713 979668835 960606014 263776957 639722730 864955010 870860927 199002075 101711919 684936693 138979990 267190958 325696780 42409829 484458528 359556221 95348277 576949619 819844594 704039544 275462232 289217651 205590402 652937487 438315582 12244879 132939094 484565861 677736672 47776506 265910254 36461419 538664704 69373516 341365679 637191745 474516550 691416264 22308454 973527621 256854992 919932702 722317857 634405520 731730457 419040412 228305314 236758264 839600206 916108104 239923349 965832358 901263091 520011265 364918116 573456155 862784596 739104145 929784212 17740437 286446426 855829872 868180513 611072629 99077770 507996277 205455946 566938054 826073298 83079891
318761035 98771313 480729642 947435016 488681081 231324196 636020263 599525170 732016603 530795445 447449116 384700134 392997423 951718084 958117122 761135115 453732605 975936275 218834893 918824879 439982906 83980065 921811209 384476063 843356685 431617539 496074956 547019402 220452269 745843598 573383826 580995762 585347814 776665787 699132478 548315153 196996762 256934575 280596383 90669367 599375715 665004547 539997388 176299087 469458724 687014028 166766197 73898030 744508408 902145786 987585558 81687727 234345848 46826316 897939213 336683207 535586341 131917853 442357396 164650097 650658417 293090507 213632236 764626487 392045277 766421642 52648082 353425700 516230404 915227760 484620634 536743599 281118908
438008630 719739676 196702330 140796909 220710092 565704982 975467936 702779544 26001427 271326623 826515997 299070170 910628525 509299891 444692977 984418761 786195533 890032698 858884389 765340028 791054791 922731489 532257118 327128855 904981939 291679831 522011694 259800165 406076749 832043030 188674615 838519100 273823304 70749574 569154422 586815006 591524112 567657382 425943401 277178982 479425745 519939137 248863492 151508660 534825658 304229356 105848671 299432370 726528854 871394512 313137709 250318278 540686325 182962178 359502342 939736042 205851271 202698091 536217549 136819704 911131880 104150043 716649890 435695497 219710055 788103825 869501488 292688932 406678472 256784763 990820786 87709786 825063624
883124585 88821465 766246755 125469382 105417021 755200495 568462543 701691958 117707558 979133800 957649274 964767464 998269086 478771975 943936904 495098154 530431064 323882391 655595751 394605440 682406770 817245589 230290347 864763580 936815634 259045544 564361481 152604665 376580046 609967018 386359163 441092438 425888913 116340560 516489007 470557431 579285656 444129378 595046890 696524887 602833447 757576875 29173462 237025088 189967918 512931657 755384025 971235489 154195712 877019323 127461951 325223279 844033351 184984815 692572109 500206113 644836026 381457228 81789818 302500016 498397795 262322831 839018405 574633813 502215210 907889960 678320693 935174714 470349657 258116511 393584501 736946691 478805213
881388574 702459337 49187480 503593561 102076503 409434554 97423327 534958424 986301804 136881635 463030041 784152024 951200046 206289361 832180428 468363767 434598574 546020225 80868266 21537962 221090968 8745980 558832852 364813406 75546495 639536730 437792919 792962732 905221132 13840793 174716976 366626051 529568027 236563224 103233658 937208791 89086455 972738156 106170703 135163953 850633929 70706983 76184605 317699202 440598761 495055502 804266283 383914498 970917893 39909519 160527764 887913525 82070051 914335994 380566858 344576413 265387298 637695197 836556427 203629556 513390785 989795643 953436400 922367840 282693377 490200540 66042685 729596905 406612017 340819514 593655102 218875659 420074373
428791124 78195373 679344816 657626122 514027134 868715674 17877884 461445184 160393296 255787853 807725446 35067880 574423554 555048255 445799928 720854830 675456689 962199008 153795688 950497888 530121833 875572131 420662791 99011245 165800452 170662904 376589619 405160986 708675520 764655230 669329968 109909653 757778486 216462188 422454425 232670449 346214724 282490130 923206811 410095290 168149245 241589838 336292777 188131667 149165695 255083339 72749923 630437312 583857084 922233325 57740266 711578823 481951594 167443453 323987630 78429552 556795138 53437194 465525617 322599430 57405848 528218592 799887552 227467811 261227073 768161101 641747602 901880071 741500347 193996190 277291354 226705765 150652456
105974063 68595389 605882078 6815312 464377263 148250807 752284160 699870758 648053649 834116045 212795068 522198513 414878498 815537086 392905372 376441244 884993767 244386079 474423895 274618310 491216132 842528358 507033088 796937219 53279606 571256177 172307478 799461876 789803124 32035070 686773977 513969275 894556982 84136878 837748723 71520134 730793258 967250352 208401371 513146484 944310064 663408926 898730244 163470324 362091210 274678067 249782717 30136259 810595206 244283765 514193966 545180934 347509983 758532261 284596318 820651401 928552198 177802377 589386709 865120576 856811424 81951562 815788512 169253176 953148718 335849551 782994610 573621071 453500646 424566155 660646835 620232328 447159091
541538485 874056486 173411066 593716853 319594322 414631138 489753198 833496423 144818205 453361672 124225399 39276044 315136152 395413758 98427589 286892900 873071377 238854732 323161395 174082563 868435923 148216940 604139176 919839359 447460570 181243200 893607289 89182411 741942446 70972330 7125913 794670910 10658288 218933409 512827008 987969040 589361377 367067239 297212977 914173637 174834980 506278318 790442117 9532954 399943112 211057474 645608366 37094396 719772694 594648591 344204413 253884257 343420489 95955275 622815311 586525645 983354477 525174849 968798962 231941907 967218692 299274432 253388934 926084709 600428442 397799672 163758650 656377812 590414035 41127850 101976829 703062533 561111608
994799148 850811883 166729725 65047998 159277304 843886030 635128765 734387492 481035015 672486206 902835769 989152580 942282826 122827359 658903396 804258231 819610282 240207272 12455890 165841620 572412668 511136701 504305056 228731298 846205786 61456058 460362814 612288161 127524314 415616952 927458351 413623126 169557292 447872980 152108223 362029788 847571788 116634117 191026350 579095868 676274693 435912490 643275385 865919443 433306006 908348212 430294010 661508879 620238331 425425105 300272606 213248839 281509420 508504088 134506371 408749981 160381627 611709946 965280806 582874912 307734001 589103141 694314364 904435653 867365048 120119567 185752614 626819724 635885860 869123791 305103989 189352760 980529008
893431794 929918497 569348663 703830783 621520170 108927719 866542597 553894203 776873111 649883409 103480979 961866165 602507643 21794172 237823495 512186087 858297141 329635001 254715396 312832008 512157455 526648246 887772882 314789013 315325820 401190906 698486403 86271413 101433755 156732966 429476904 173793125 256899846 196737940 344703268 134056559 385284994 448249681 633961770 436173783 141341365 208983237 310030757 382506166 11922392 399948609 284875090 508304179 201322892 692820188 531107061 907548562 876372052 43548823 391610950 295427079 12327804 339026158 696026375 376416540 896818060 465222616 410163873 312419753 775598009 371411259 383612970 617884733 864278478 55310484 564904019 167097234 630474
570594944 863598989 999761389 917428561 869217691 968366263 714308697 966362295 194641008 912063638 123318136 176734816 815001809 886382569 332560770 793644751 445945548 559079744 35542864 232892348 849765730 864888966 257994530 50684685 116001194 981331197 878734790 973572506 212112070 685862320 99952468 322113081 558595281 492424316 143847640 242533004 751737935 27444579 997241700 298019764 252826325 23867727 627232393 143162638 998482814 650803806 398217246 527210512 288324515 25157856 203382472 794561730 652838698 793425613 783468185 861995624 83860527 145236442 57748676 711009693 150598246 457482878 327479039 236697450 240031509 562807636 622829631 641151304 576199386 812062288 962126613 211951840 174683639
450506813 688339822 487712123 300405080 671267687 643983541 220648783 478242750 930327331 212746834 743724222 140144987 712048740 765923561 251215099 138610417 804471758 632740608 887004641 772776151 387239226 769051735 40765155 10018786 855994843 312879135 333771465 526624267 328244843 802499164 950966494 266297096 80252545 961873670 349257273 604629144 720037793 111742117 256384506 605380668 285277241 285897766 81704683 886835420 431529811 572701442 405520790 974252486 330900095 226140557 994483295 775459634 291846423 982668438 843328536 285919800 680078563 745492314 43894002 728094012 605934154 577408850 678598964 4257410 54628930 747000436 790981701 423290827 913679179 817329635 21496151 309941375 791613415
848391898 73552622 462355128 254999911 628447021 427213014 65717343 808723001 891826998 706121346 991232190 407919499 856797935 546928414 637717192 498716532 7480288 223964336 892599859 674673469 629035264 439685723 395646622 865781323 318338454 468020730 547175459 181929712 411365195 941674810 662099323 504167185 602138162 949244841 136250855 322377353 827942954 738179591 979075188 492708442 279849299 720667945 641619542 601386985 211135430 694690152 32559238 877964383 360746494 974934145 462053991 99968591 455915771 632956245 774539036 476728352 270830002 898398963 9664506 155569167 622828975 16346719 178663036 178518739 498899545 390014702 575472454 770144921 264503588 524340951 633725264 565514516 677350818
440009701 650174537 12867880 448176439 219228490 110828761 536820293 231743885 393697000 255731153 754636583 604295758 547796812 189435968 756931581 336375122 731853489 620320590 952904375 90669457 10800128 831031742 697235115 446569762 510892329 996386370 305041044 118400885 253782293 162202592 823300906 686439062 499242711 696807864 492579748 651864909 868418977 671808577 169455461 893660671 62493589 740054245 262935536 408600022 309911524 227151309 432426236 883110760 234074188 107476300 246138507 269266500 670426318 656042465 945256226 341572685 718260606 868571522 335314976 214000584 120416945 42258285 666049097 819727401 533122519 873945121 473990098 675152814 389308996 717734078 211617560 353747741 76149123
862505777 577000386 890778850 231305947 84909387 752317597 96087218 535696522 995194343 479737344 989748754 452255048 94876262 772439729 337322204 906678569 616413176 46832588 828327856 469800940 632159362 316852813 683938192 374848972 808830253 830680310 987183621 452845988 267072153 378542809 587860119 651761668 463612658 527665563 227184645 601503355 328380399 912395496 713926439 321304449 242470724 716702781 511226784 26180269 662343129 135986344 789157823 841640916 163314805 526369093 533346211 899714139 267476273 45171943 789688498 888572023 784069693 977277403 901921761 226517622 717686260 488738159 894763435 31500937 998615283 33161704 431654946 881780823 373196559 96967502 637964107 293208658 526887224
686801937 509618036 631177584 261749264 943098514 338997120 50748608 411875341 337115898 850447286 595925169 276929134 968629222 587199479 375391637 751583267 91434339 195634069 295434399 120241438 938068066 182249886 978770464 67874887 783560240 862467279 72805030 524752555 334262594 881147616 326431046 603385580 359551047 735433531 673098480 579709162 351895182 764781781 11175 262688827 794424628 548597419 924428488 608781575 703323742 304619480 763499531 600898751 778855401 730929321 362144053 545562567 92066954 380465497 167711191 73321878 601093945 132421927 426928922 599717315 518052453 834176432 389815841 524918434 768607884 82646724 175391133 551313376 506600170 925716892 145285341 88076057 459373069
889552679 898807923 289482223 102834691 292828594 625542485 648290730 62055219 297608871 810579238 71040482 787956954 520151558 322771702 736231033 474445553 556940031 885779112 170286938 334550063 869986068 388456921 627439331 554695206 991398700 589906013 711980461 901472993 598808862 505041484 666434753 436045621 321853384 363233821 308087778 132482355 453864957 596875394 557571920 89347487 295562052 689264810 954327117 972099045 425225762 875098043 974570463 375757414 442290136 35034837 58857361 262025256 347578410 669476760 26160191 846949820 382153306 122487257 159922982 887105737 499545372 147394861 787931363 255391760 561770811 884661748 921065044 906122427 735568317 805304633 24945833 330371019 648708994
597993872 19565097 494919315 17198589 208725788 92733816 742793818 218266014 140957663 233025919 915420510 282824495 606937127 469501136 607327796 393899360 394490026 287283573 34639187 543153165 214049621 140384189 847467701 792922532 858406307 662214622 237635745 45996080 16157774 616332561 205234449 682512394 679450717 9284818 146192261 512853350 141818055 82842609 730177388 147358479 905400044 9474571 266897260 851120948 838846650 705070719 61601216 524086799 439381532 508164426 974210608 387234814 231802618 157888545 408496886 958701117 239380189 892556883 568354664 308683418 450124682 629166197 447934333 652633596 407921424 381124849 786900296 796107544 702469069 29181734 887312158 440322799 354148499
801416170 50985975 781527155 851917593 342772347 693259959 985544097 848789851 719244492 834935330 981527617 105243497 677949494 625888301 681825686 125672890 767365165 539170521 238065246 80154695 444580301 526968872 819188275 47153548 897247422 990605738 523360672 772228783 90925700 185769437 973759016 60475206 63756529 441404701 410334182 944101116 416985749 80803509 239039349 160034771 675757961 233247632 859839607 742264135 314132133 895190570 555695286 530468572 435873097 828680412 956741672 862203974 776780889 603450901 691222377 551208594 318415952 521729652 143831878 368628852 404201442 442281127 593641141 802451295 473870128 552643890 299111943 308340865 162043690 48280383 768836313 48736542 143430294
424522560 931030329 326374537 766043364 491167815 872206035 6170953 222389198 361277256 686072874 177946645 619512455 659062827 74050459 506985778 637733491 441127048 707253665 274802776 587970551 501629660 146988924 771418815 991046316 333565706 876964253 357698482 340227729 30827263 550382709 787192924 230397144 878552479 147286950 697830259 42701823 122038303 270738697 278307732 57869726 867613021 403204117 566766843 748841798 4460843 317336537 183980830 838021055 190178601 254501123 538734910 401384677 547298372 292718669 396590922 204163683 968958528 566814289 965162421 115084075 608725039 974094450 11079346 189029631 602432784 503583373 403402688 852140138 545945386 216922040 60717630 785746931 245156455
655238630 561520528 870074289 975344118 32008930 907488875 344776584 679886726 472577741 993602319 951658631 56616976 619681695 598038457 992830008 973836555 114528080 722281754 631637715 78680817 20672374 242527797 435264653 678972176 894697658 436508142 214490986 488888962 549051818 779832931 922872171 106032353 531443942 768828091 421961705 645520251 577381284 133697631 721003444 774337926 817487221 405556320 657427761 676631442 803926025 78967576 596130199 148979195 360359498 385101978 939868846 968497079 648812484 480249797 733391564 433066782 336137469 616250009 884585694 537765574 225192612 77459762 746701572 708095998 477608972 195377934 655108224 567203468 853941961 978947150 556751803 5718052 633633327
312200065 703653809 923441747 153553308 128582438 454978584 695151596 746555354 564512456 917200117 112789383 535513441 319273023 989872867 993556238 659421632 23089944 6902443 361824770 637603128 215132755 277416927 871799875 557848058 50997994 215444971 968475174 549805066 108181003 979323901 382033347 191433824 306784136 64837050 20567432 321446960 923775320 698971478 127711413 766071475 614145616 556859130 755956083 223075944 38885687 282722432 172618407 19044747 433306394 874816440 113989419 455680423 185528963 355478378 238416314 4844188 960161691 412440201 848032177 111887081 838991369 506101994 461391062 331365788 338936479 740169098 844395000 184512347 402451584 21519432 17429191 191727441 982406875
346624979 322486822 482640233 265173537 542072799 328097154 8081787 795285839 389789863 201088974 445092764 615099376 496226185 130410250 533918297 830486880 517528666 836719757 95611404 1986980 114291647 121471837 977259030 644981706 761612471 172313179 291573664 720200987 686604605 51697645 285516705 573864625 256406751 631401786 910106222 540610465 658505389 988914424 400965689 292909392 367467918 501362555 747403625 622306715 826517173 66747210 338471303 472286525 349996761 326288958 221194670 113284808 595035924 704467439 356910570 428699665 778565043 515354912 136848416 294863772 815938907 755363798 509097540 105235683 212846497 817613677 473655712 648286725 542770366 493657993 756500076 137526283 215562119
402815511 720747769 833697026 545147656 529229327 508599798 370167300 29390087 277706660 507601793 129108201 234110526 532066682 428829691 569193364 958536900 52506888 50547095 202359815 47378834 717159471 245029420 932337330 114352846 936096220 824334810 508845674 550642793 913430637 804648679 844847697 892824808 824312861 345700415 196059739 175838634 8829187 366629853 574440046 997605619 297664500 636111649 639880572 551463462 881808062 859426299 177348235 911901775 712760846 782594175 989801793 171024310 778190841 788457591 770600040 845564219 429894918 124621297 968100114 25584168 593369337 31815549 873627130 831074604 646354365 611586056 800547564 701017282 865364290 811915579 587143878 444821617 47573785
670063361 670200701 572698508 730723235 293514577 127712216 271752438 538743290 732651637 372100606 545189114 818721081 986829528 6138992 878936280 599166337 142118609 385119285 225803343 198552886 311937855 59517695 387349467 393784258 769136943 548397106 641104984 981585740 78297737 960526242 365879841 51655550 620885896 775066340 268906501 836742505 636033452 925687750 810801476 804736668 613438372 814949795 754830722 521654846 284142917 265880179 455899791 648629124 181043994 47193303 777439492 558010480 322658685 95463126 379018225 78023412 449500115 441210458 168680586 832393374 415732830 389656536 61924949 435534962 713196774 444521919 282682888 546468125 316911131 488621463 667416979 492818546 570195325
8135580 130195299 379328187 586252577 942419603 232564484 50462371 390023926 981360154 389592951 345560062 679819884 891239964 913909931 225365762 410757766 137778163 283345183 615042535 255028699 813580086 501244657 584935999 58825615 911671276 487755489 30265145 718358300 435843997 327256871 444762361 51293660 638134162 469098134 849793321 94732551 865215490 77528810 376604685 202609223 75736738 865443857 278993435 637887658 365773997 735906698 869355529 521666867 695982751 946183439 4676028 713931466 396807620 762562129 730447167 261954427 12017466 377195300 912867138 648905665 995037650 934739508 608729386 569583071 4175065 66584228 824143099 543034663 648366947 407050525 28940991 64310266 873012374
468823500 39371758 843496693 617620753 493546402 705411211 814994386 799626277 896735123 832424588 710748525 244565004 136872277 680858917 201551687 527877184 140682933 70959714 612918321 707683746 243691807 32635342 246705508 288478807 62496546 378446565 146667958 219396235 368844227 309027126 959759789 708987154 984198776 661042447 962174495 131294177 397301087 387824176 4027586 441691522 707826421 208384056 768196092 659866665 722079203 739767485 382267996 839345057 221768861 349394835 87996799 38963201 985445909 905616203 410313838 190027693 166189984 431565476 626929097 203504154 689892912 821735533 392147073 74456010 994849834 849070688 127280111 682346664 366684845 154920348 674402549 105445274 894758230
576923389 709138692 975896837 329455527 115982390 671351031 887063481 816632668 145527326 393995096 353347067 342012404 152731746 182714307 155119414 151590075 333770581 487005516 956573090 189012942 702895332 822298681 282315705 219610021 431788397 78638037 560289944 556353352 64645442 786655492 369499740 596866552 500564881 34599527 531474776 495901314 719174967 995312661 427187253 290196957 608826422 176596745 78526626 737303906 923542301 410660390 577109719 886825207 323938445 33332046 66483223 990944063 207720925 792257131 14944155 929442763 537020015 300317738 57864983 592737599 357573403 923179526 572229849 158442685 646296539 471866667 103090440 144456113 75818205 317593 563085930 142896414 726025100
777905330 737062814 605135603 979947483 719013506 107179487 800619879 234370920 565628395 26580994 805929748 250033352 860115748 41321858 152522553 697411912 949009821 208480557 320768817 734022265 62365366 925724665 741452437 909747902 261488754 608228450 940043483 597300278 913310928 313733415 782234539 846314739 340648973 742812564 836024090 307549862 75950110 750404705 794220546 826761079 454075434 749243106 693749449 148123269 26219616 910595408 192830525 745768705 874837022 113892896 872333707 167477357 188070319 128532943 363712698 804563870 900378196 234110568 687905698 206843455 288275966 767048734 903102977 65241526 947069844 632307312 504708135 532480845 833771699 205475517 919590418 152634081 120966935
504520584 745025969 718142808 563526568 40936932 918588113 64303553 84019789 243464871 641061967 289836744 813988258 323858887 377768281 615663196 809709483 454291694 366866482 589729935 804001490 368072 825652445 257483248 584456704 513412038 333269248 698987285 850996421 230407296 684929033 787539752 350471301 462687171 682363387 784306395 489333948 955034071 531296332 299817145 770917679 703209545 87727171 648520770 197112515 309479307 522112664 738124718 460316714 403260214 50215541 384179258 940700647 991257788 332604280 870557848 434614060 429303317 421573013 248380012 101788860 398109575 54227220 868096776 870087290 743363641 428584745 800468466 633663202 765744225 587027565 321734294 972681288 202644919
240585052 635054323 426834828 189537044 784238259 916279420 336871212 483965412 224664404 579607664 562131956 806044001 63724230 535871054 117775551 189221335 406416706 396566970 282287140 891996669 461546897 206138064 197126050 968156083 524802868 565431365 569345327 651032255 114919667 515586976 487371726 493764511 664607114 977079854 181170586 425283308 403776282 848259464 987152325 821891892 773260593 234382911 662363807 907837896 203325082 353180670 745500729 788938785 269996840 117056586 237776669 915969989 54936007 584428069 976671163 666092550 521212549 467971249 411523514 604275808 214088619 892053075 773694651 294242554 97836863 372746685 933983164 108572122 635553541 965490724 854686240 807323598 750706242
839735449 741157424 170046824 742897105 602257273 91935925 59060496 282163407 878317742 603433995 301131245 339723794 224553219 944528636 743299445 983014705 494302907 460651379 946853571 238861275 193561174 686124515 563088913 319809818 30348893 648236863 311252290 320709445 189334380 46580652 298999991 245356738 871514939 628294389 408768512 539795915 944419562 9506107 822350644 490609652 519815402 490919440 165543206 164680259 15648890 266394423 472390257 856924090 807916024 86922545 401840995 34197664 655619572 584569679 345821500 866426708 87990417 943179339 383014950 226031569 503052159 362627581 803991521 555962215 523311679 104283534 204541569 217507425 527230875 764880296 731632613 796979123 334999077
36693784 939095620 921562667 853956652 467992884 73497087 648683375 991128939 622751801 338118005 340006690 434239587 195648082 796736281 548414292 945535570 420336145 824331885 499403374 7874 958915111 984121586 364912837 282578428 979776165 196509266 417929999 756026570 202518476 625672041 983527837 80284333 231326586 811652138 436834146 268075332 410695670 389725387 998007792 876176109 327088280 46933398 586303361 956121863 913005511 143296969 468171931 958024600 717562834 401560218 944021052 858669057 255375825 760025701 997096146 736296453 28268365 322590488 685481104 900712540 726627847 202439940 901831899 155096648 577437766 569877907 96221283 48469762 107709877 658551067 933327623 918658169 248320333
628991609 260362902 594428442 466551762 245017664 576174949 355554801 193137094 904435738 513052422 93825593 601420352 973795986 881704966 88207060 4263142 435864021 668297128 622975847 725309299 566048057 43541370 434400310 352682958 925544915 358226410 37045465 784376467 561129546 855767784 437739958 551392723 748732717 872758861 538457536 949869117 850042362 6956641 408065050 537717820 930479509 430166002 377170682 424384990 901913836 376110165 853871396 91722945 540719087 902458779 665712016 581198000 177065495 556306749 999144872 855476254 907955984 732972992 26342187 591051190 980750386 440808038 271475424 859318106 403218802 531843576 901769927 180184779 928573686 557831209 994559463 13533604 730133803
833783959 809381783 68606528 597230190 470577951 126410287 843280237 980286588 184922794 716715146 116153112 30397482 708131938 87567870 54646221 572275835 564025385 733878206 573177509 996080467 678544051 7347459 271470051 449963226 318476608 861131478 757090307 498640663 387132204 907328086 174858452 367406594 977764966 887126762 997491640 510399842 265387165 432611717 925837584 485207062 279883515 841183427 898292620 65093773 698460409 968711175 801447425 225955596 686247232 2508122 965517257 577003684 178941151 831905090 258041487 975959403 835760380 353646966 889702675 283437917 375447361 450093573 626577342 732825446 356018076 353215602 529993928 794073496 332141275 206083931 631916893 903511230 424212702
460091624 682914531 52155138 347779128 428272831 961657679 284202608 526137247 164450056 480748050 774780329 158332361 30331702 742865288 547501973 299868503 99806146 234423003 828566721 282466983 408976417 639034510 944859804 94520121 77137382 753479444 203110664 822715105 945991923 632474366 662784034 164237447 214957457 460313609 461079803 970330523 610320529 793407924 75765318 732069092 786849579 124098566 236315501 880133897 67582101 907996285 185713961 923804193 441430811 175341778 615505980 578007078 68932345 901048833 944593407 994908996 661350003 205482297 12742813 552870582 266215220 547440510 332376786 75527218 808105123 435671626 573319386 667078136 449421638 886831382 19154305 118229851 617197715
73197736 487723999 527784101 550811334 11886016 43277667 42754094 682607507 628839685 972993111 999280086 578778893 556595436 416809970 407616236 278607687 952628677 870385111 364693293 116042085 15454353 200022055 880727078 134363743 879843278 772961022 729076981 984747329 790730111 468736653 423891920 145064015 962552964 295353835 92222477 528697461 480254594 729024996 432204708 431531663 317183322 676140031 241933428 978372269 739842699 678608383 830123731 680721514 419532548 1172399 265465967 509590730 308606955 670573963 719572476 267490853 312689980 278511093 354171782 399669585 195362478 844413051 57624650 649160688 431177765 269964909 332579377 511109812 520357584 35273640 242828108 76091134 544377121
138936020 539669748 896315231 231626415 621246032 421174867 661663311 574856247 44529763 44251886 402880174 939921408 850295052 425208241 256941845 713082001 165942638 523778965 839247105 442987912 940961491 462225411 588342494 445288935 745152990 233334431 149919581 36574410 743388958 748301746 20783657 53817942 118809148 385584034 871338207 380379088 1019081 143770428 284013922 570376660 301345731 206886015 471895083 381050865 374171400 590298943 605664030 691625806 828240111 751386204 712773431 368903769 894292358 790375091 759943649 562171016 677960638 544731956 208869264 308906085 743880987 923353655 813878212 687519532 535663666 994589094 813275805 590675667 975942223 309143319 55815835 803130506 482454574
744411441 38042586 140548798 579561326 933845953 336338451 373017725 939949850 225625265 956829570 694587537 891162677 998298419 909937327 80056375 362114699 532086798 354266253 616993606 83583559 800004643 576318835 677402095 585008044 588932467 124738426 260911731 70645245 782704640 478098335 955179238 541815488 600518011 427167973 867582660 711847057 778855133 861078719 65018943 826753839 300690254 555169238 222561282 567098435 636039171 944260422 927638004 487738051 516493706 849770188 964419601 419649329 902339193 355289089 582753688 158791652 590310677 417210035 530224118 383795921 246307255 127576419 86470679 503326774 923960398 695585021 412589675 247877096 766695805 52699311 624733947 400937831 863691240
561662497 354158471 198802496 136573601 253760446 422347287 476434027 133436986 90538350 329105625 198233150 731987688 67180896 197108255 507923186 411938467 250662728 774869568 171192091 281599784 136687771 881402739 357799373 575386966 102316524 256393039 643435940 859130950 585949673 584604986 965454688 922122892 709781831 987689029 586996639 365046508 72231677 514225090 400772128 106385828 509691178 946971029 642338765 505969107 550751832 246839732 451144364 71336542 287760321 716208536 144327442 682531901 624439436 968265759 342470512 65192393 942588289 733663096 512565378 820405830 584564323 103640225 750180817 841674021 836040695 373775866 132462744 941447415 161414390 937553763 277472107 493141399 101802171
615998282 25399506 452508087 149659002 763263576 966388477 588953580 229572179 555611407 459156922 559023452 344237822 373533508 878202179 680064668 716010821 803146028 891302900 553065253 236763830 737989830 286145034 48916867 792160325 112339632 872627107 665393910 122854739 584627113 960651062 48002147 565443266 996497142 967650567 62896942 70294635 585032113 971968269 997572715 209650664 701991593 31237476 309582580 833445791 965881295 32564595 672975117 44530005 862315221 151284853 93804262 844838106 614089854 859994547 305191154 877536755 137928405 816123292 343410943 160244123 565863845 253406536 905177919 772423344 113262593 353218665 87424059 443741709 351620136 590857381 93275183 320662956 177279616
149063127 351325904 399478326 658559758 281477408 115106479 868704786 638093624 453289803 744830137 833615113 703826882 64801982 18441310 818600717 489398480 92298593 844390457 369797700 834106617 64713184 274969274 994407053 735389205 265814114 139795216 710453701 926139337 708937849 819620026 199694689 472688147 47140296 95098156 73069306 593362641 179236166 521351948 347048465 845147941 377105459 983651939 869950458 96339480 341588169 348131895 955364788 401721445 932121146 124555704 416746998 740884621 151435794 659323878 207696062 348591151 172831911 47423082 504388206 647935440 14707532 469515027 153146753 776797855 124659782 668684288 18995989 614946975 801517931 549100189 617118215 796746070 944798455
468653497 405298696 934676737 972612659 892253027 83647972 576116916 812364888 266237809 412094854 435451865 717313841 57480479 985914398 770641926 951151856 816139159 366286474 381716182 150925802 746937112 573346509 449893888 519177813 623199413 819324957 875070111 397563930 222036305 962516514 155585765 45412164 527651053 922670226 642587238 904916646 936575939 329477374 707285958 265375975 562148712 847947829 508358106 16165348 993387501 154764979 494433349 20724835 917121184 717016598 63885143 374484178 412427989 990477587 139475929 732213761 646014866 925003313 884926791 992144420 893418740 583124766 691042527 271727563 484556167 604359523 274866465 850339041 734188683 511897607 587239244 17730557 403889460
213119580 198540071 730794713 353586168 907925793 793376750 311377462 944921948 104446759 822306463 895147517 166914639 874757854 36637653 356807106 761134790 855457081 183603316 404274018 512793781 111837115 489731174 312494632 842103504 175205200 288936485 768134975 140134825 402571457 602531147 722809404 942826266 14069058 635964403 748563268 675639848 393511723 387254438 418722338 223899016 923948760 236981385 478791887 86836879 13925726 168995979 825847715 734125042 711781347 88997979 733582420 298631664 1752037 642167984 829151743 110996845 814569289 313022695 117010504 614350722 27019673 500465102 912251341 728806288 628604891 753997001 522147319 567938123 963829136 116803101 477657383 866960481 543042152
611460092 658021520 79266494 703939841 172048959 931689927 718043183 208328728 909586357 271259037 698080466 186095390 388170431 546806127 586653509 161073171 464168123 641948408 298875119 51254956 509076600 345555903 432300751 179560751 980392976 102107454 997813965 542362043 172399764 372450169 730276705 928751905 348037932 768252719 293386923 860669064 406935577 100748931 20360704 402935937 670423186 903383611 524647787 109679013 855749354 30536385 508529344 84206558 889872317 567151871 138246667 419222101 516224335 276682073 298872683 9299813 703331037 534757975 580419988 855550269 713619351 931375116 226575869 571625403 691354780 825162391 990780024 242319273 842210226 327485917 893132204 557871328 553389195
769279176 134811352 272780240 736482036 910656187 160024450 94878748 177056123 751103326 442470517 472054985 517727075 918322002 174684055 686061415 499740432 987290500 636256630 82881654 669506173 824764831 222801827 181201213 984674204 93084742 355166671 695916226 438679647 353833426 59535915 514164403 245471974 878379437 48625867 913112737 699002142 873741627 987182273 492693742 71461644 852341838 671904595 288444553 518426318 429196819 766273733 116335407 947117611 531221739 88707488 355188351 171650434 492860929 25426027 285380891 724247753 166511478 208634026 385473117 119203817 178783800 399479617 220243503 652940921 157510881 884296830 953470668 170223090 777729444 335423387 341786924 376718020 943767626
283683077 47472886 24945521 58862494 875477923 974921718 903930098 563050617 576589421 278011958 155032972 624585265 224247955 138875107 411231190 894587136 117569815 276413944 424146840 971566577 18063369 90606560 969333774 169804196 961496600 810450384 956476113 696474917 765302926 185763057 929649761 909094487 483457025 459813040 802643129 943418013 796092920 542057345 58393804 436356442 951684494 941394928 104512570 200035820 721990842 342905601 914623125 178383647 56426126 496456391 463269468 332500731 32077171 490899726 823909538 698926823 4763257 472817808 597712033 138887900 341297659 954932268 860937587 257029458 23057552 843257941 699400809 551508180 897239388 612372566 830206797 343055654 44198397
432651109 257229891 368442754 591721924 574306766 885165992 70289140 269827256 35165932 563501092 947893513 191670656 979823621 305445357 425595795 923004673 888624236 690525907 360668497 925566383 437340314 270906079 178554024 392086542 93431467 315005324 769780166 310542402 544594216 481924266 401996018 459137922 931888636 119065523 65059129 943077355 797860001 425967670 414248072 332988296 193178388 413411843 746359944 233644372 41316442 847216814 670602778 460292697 137581870 47400656 836023209 299819062 891832957 338303623 795227029 650245806 820523401 713236968 31899933 664979982 432057296 666761033 474445582 510733152 811218840 152376522 26917533 627540672 441125793 360641761 978226404 177664220 998795469
130543 364397256 804630693 213814488 611837100 758992689 931253527 706874653 10141849 821214902 705231338 512349097 626253683 579713090 772145693 14243125 651600279 908202109 510423158 700098843 488301526 169026983 128933726 54890200 752672183 412526405 52892056 829520499 647449151 504817682 101645641 527881820 310770445 670979908 344926246 460466348 356076415 684283906 788071307 657219977 753101742 316184582 410293633 962199089 799152559 338599806 425865691 159331392 538642478 455101136 857576287 507553857 211751255 500346258 324445836 874789132 718775131 774652853 600996677 262639238 224626599 419089530 531644531 860631367 936680253 369533339 393989058 996526654 715616301 110317439 875881758 725521032 364756794
73084988 645465026 794607858 88164722 327758900 816743174 969359474 685940914 960156259 425105001 507981174 366262679 194911431 744144653 325191798 704872601 362117749 534623183 184719236 371768233 537696589 592964046 47623164 791460647 750591350 737480667 805921447 226747728 880257696 852802663 989155805 965855689 138986030 989946023 122879311 614165822 928460932 527499232 885928575 765438588 534914992 997956391 227292525 218596506 129874375 351171915 563665406 54114766 864898326 138698535 631608398 778415331 231119791 642863842 718648650 32378994 242145962 388266139 643105884 495087278 540629181 353785567 423125150 139888760 319427708 527636673 210809273 993313003 292752268 317763745 10551712 923337267 121829386
635624464 849553428 754087310 900825543 289663693 39398283 532661292 578434866 58923256 106257466 843182761 402292069 576420434 37781103 756933434 630376113 629669751 195884565 163535945 966783265 32693774 819435225 562001479 188446568 96310162 962745161 850639981 414530977 358655831 251390012 253069530 96736880 229812997 619201354 355743766 718356030 851825733 808958377 201250216 145703879 539497893 672293773 408448872 460624627 810758325 236367603 140722167 409986753 12362424 783922851 884110765 858687460 833311274 413641742 612412714 248373343 947724806 583188553 572748562 63092314 180681612 342608276 727778014 826033509 625402132 660991738 577789453 845887530 405662467 654124855 512774217 115011068 467320463
969184924 311969303 830581940 786434546 302260911 674294278 63012142 810889384 988391433 314188059 377405578 940686682 237639641 359125177 231771616 324728998 487524283 282535401 855850222 250402609 388449896 85910097 755539880 376250372 762957098 109179376 675910185 80146528 830636702 765899612 965100760 999969888 518596965 940611109 311474684 544600688 431542162 818289011 859154110 259215921 466460576 316401765 730501777 869731725 788527253 25692738 839822754 707219486 943686515 592042038 691595083 336213671 942788844 258055894 287562425 678761042 488841898 423600892 523341774 587127176 644299381 952630391 795824427 940885536 594283130 686614397 10721188 705110164 103008802 496280756 752738489 614243054 241867180
866789882 429777063 577376376 189947978 755577396 220814098 475187686 656233912 633491285 881626619 554657636 135633261 873449698 598708787 299975942 213883574 965912849 904085774 725363708 958123937 151627616 828019947 503489557 249630924 183340811 512390825 356571240 640862956 727421435 730065994 500436691 21918042 837653533 427185871 192249433 57720661 156821823 295251916 926480304 721574644 612758824 744170043 456378987 772099391 836520848 530437936 171402576 505435544 929549560 893393275 885323824 535987580 344537629 687838743 863956816 909003756 757681151 401507717 527910117 4884643 397677865 170939577 467254111 256304323 654766815 595973350 17264056 426542853 154099319 699329503 55036042 686808451 46138247
398245268 225636221 573824090 598462387 721516052 926359928 785570394 435027370 439989623 565388489 818843589 345202924 886221871 405659412 274840217 323488545 40354419 274970618 956911946 720977189 347856280 924963946 114062801 95683117 763540536 194502707 793472891 946824253 353273027 62543029 447552189 609308098 919929449 252251932 441990805 549208424 968188150 809200789 622084362 898719003 672107709 919715382 760938604 825647760 485260509 182986878 432126529 42021986 200939117 367813654 181526186 207207101 889553048 195853932 137492231 401861432 14960158 408464512 895614583 194054678 217213284 225692097 299501741 771189818 896867984 100549088 649894376 652803830 288321896 729037595 856024948 450630685 130372676
597885704 45939126 520959607 31757930 743537562 708646258 611376853 426657360 794598188 122121814 99171705 237734839 775830731 764135401 695083227 370488587 421160912 237933194 715505623 534447112 237835426 123313221 239126680 466420802 892241023 458324125 952746273 546958567 112435574 123223342 905477980 924977191 993999828 888553643 80459994 189921409 375987596 438584918 109401866 107944894 726393441 900600313 304532531 439137105 304981471 310334078 679666833 307633924 877963069 473407484 712010963 278495022 940284515 723933432 981687664 287509465 97017160 537414074 298481547 518043577 328574288 630702945 492130069 824323505 891407110 861957619 737137352 571794948 723081819 781205189 530016935 909356578 159294231
785635979 799905395 244476055 25228234 43774049 280904749 529277911 694033884 743779387 307097633 983065797 640216177 645276911 276194518 356252032 869046974 288456134 126484102 257489726 207040601 975578120 108683207 255597276 833019498 217905733 409005526 649452140 870923332 27993660 302227083 960916693 258954677 335968890 184472117 839283411 644082317 431875669 815136010 490266329 745989323 508507270 938671715 910240012 728758501 443810886 927613885 76980125 190699904 962460147 205898067 497625733 728551871 400083648 115812635 581678388 156833102 480329698 122292136 787418677 985615245 917039492 99048311 787879609 959103390 303358803 445745644 883045601 799644220 306806572 926114535 824192303 891188442 873179917
667162535 552294008 752553336 143822845 601995569 288084464 152307142 350524044 810996567 58990650 676933029 284926298 868613146 810385947 836798822 577886934 759175818 27813207 361903765 663889398 565645966 149227203 513623940 917807753 418168715 925748615 586620914 469039149 785424489 217204585 801718657 847442485 345563137 76348013 578411792 177565944 768007120 26543526 293784104 663617644 505990682 973457320 217034912 573298142 181092545 294553567 908220640 819945135 684937156 835325809 321781303 456156676 376792728 453212416 268811523 340937964 213565097 642690642 396768538 386531198 865671533 151457904 928256144 908463447 288203695 739748315 489850759 264679728 40650706 485397453 953876503 73343061 278165063
350934736 222913232 333492958 255265627 157840636 488235539 643723542 803968764 765591321 360582348 421958258 783728151 159059581 53337213 434304353 626536853 387844131 172189625 399764198 412129475 111376068 866679820 632675423 559231477 574740033 618316665 995070437 140130108 275455223 102361474 161531916 60701262 733922019 859824098 68923260 261635911 237306620 277033573 512183915 274570635 2246938 525617689 336141863 730786840 898762994 642130660 64230297 477791742 919587744 472028183 729501777 747057299 179442145 642309111 72602023 909327685 883489782 737701142 442631442 962504384 652775341 13060067 788467056 664906683 804407714 62851151 618449095 707812967 171617602 64203106 29832761 387978959 918314219
740945175 495833317 817345600 660878349 982653355 592810260 447394843 784568810 682154051 349670533 569813010 330825187 988670860 374079427 508742343 241957748 856750154 538203941 510933915 145091806 840933371 708245196 341760127 437048436 911786393 267928429 589380360 249430825 892895371 648287295 259992494 883304218 514844092 744097525 208233759 771894893 890530059 893551216 559407127 701276936 316887843 803866053 740293523 170678325 822643478 454108300 213123353 468447872 395658976 733057754 638173110 659267252 460945917 957053247 13548925 848597993 631667386 802184545 85105956 159195769 540152464 778490863 949935577 436677680 225578861 902903511 213255717 12019608 983394748 284982341 274520578 931481392 534667186
589345399 959225200 130580905 375509818 611885205 156122482 630407534 668902015 790177753 269982983 699634009 772644393 881631400 948911492 533088676 211223082 940232271 345112849 251343786 516570204 983202879 652320721 685517365 812816747 634243060 180821741 699798823 991107965 842260982 784250065 584768729 920196846 130291603 615536142 513373580 486325570 369291000 793127055 27132909 146832296 121917246 718737220 551385813 498326342 970044534 10257737 517278443 335697962 725940489 252654811 899165902 242973849 931498012 569985437 520054495 109751261 941571195 410610269 544972735 993451324 571116991 143885148 438021474 417371013 520707976 234594607 763503560 740382290 706424333 455936861 669202276 562055244 32882691
846889043 356570167 754884882 291559145 813201725 651908678 968104092 54655878 902007381 666679001 622138233 265814917 866387002 823598107 266444580 72343152 6092414 322262056 199207271 797096566 841285313 18813620 892985959 555405836 732993907 8335308 190478718 263184210 94198194 760871825 510024979 712268780 998233986 131035723 14080818 189376613 91855483 393862463 729911581 886758290 736832971 362548307 172198012 428166011 713830666 236391191 74713422 505156725 10738342 414306403 690462034 129817346 416116468 659229174 290241233 722989888 884942132 977902998 901990684 774432326 961913611 287068752 34199197 827018421 432970807 721572186 951836858 778987845 535881958 923232432 700749743 890573419 849654179
758057743 384432484 570298014 704681765 919149394 421513171 887299489 945375450 515446643 835360369 978546085 301741734 775334015 989964913 513143965 597411046 316298321 910439451 360051895 591994262 574358812 652262215 441121776 697760034 211147037 5516172 480455939 55409230 813252099 495969267 695329727 973460628 256225822 495722078 596293655 97850370 383406508 450550963 491243190 389580122 51239320 615699933 281128106 683172484 111261461 72583524 232430017 299475732 473356900 968083750 133566790 673227233 177294142 656078800 335004134 351838743 50931246 474942221 358141780 280026415 294424760 751326095 695587906 653012757 851046479 638444019 263386468 632885398 948125394 432998871 612630346 499881123 9187670
601990493 548208960 119616216 640438544 444009784 107114291 643821782 889215510 357508110 302585818 201424257 582585691 599143731 199422261 697708570 121064655 920620863 610888792 901922649 852672688 714441526 402785451 547722799 804325885 307287515 799079447 672172538 168572474 963186609 525871297 677521672 116713679 205468853 59216291 145653648 435307964 314347014 285196728 282655283 447328263 231800468 178533528 713445779 436703797 640923263 65096054 743155056 295165179 191446238 981906881 791804656 748356650 971706544 811084843 524293349 241034342 924712095 45010232 148274632 111311577 477942761 620998552 960369300 643774086 492318594 380744677 697012258 699565073 665145398 490423186 660114275 951601921 990154940
361254847 173067079 7054141 25480760 103780006 119363328 973042444 654068008 73606091 571699962 472421774 654044880 826896630 516749597 645082051 173926104 148189454 102629500 603897173 561680431 979834408 356802792 489792355 996398660 769936769 552238002 522266534 365583320 822289759 688559512 953061536 629494516 932935177 32709696 355544272 747136013 260430643 833127714 95242789 793483553 860660482 171921078 394147500 820323513 270354227 284747952 188087650 353261797 285117749 580876477 956799072 204738964 464409056 171392580 368019315 695629821 172042137 506908710 713858879 366163354 934892533 597757217 409031443 38209148 15554759 691531968 883906184 737353633 982809606 676237402 850846390 824431181 531047599
36904533 908694910 8959258 194439362 623023505 695864340 682400030 653086977 363949874 341410653 177185060 724458669 364185540 854887163 424125322 583532092 716838546 708215658 716945661 611628778 449284917 90440594 119862604 812450309 550899916 430614665 248315204 230362781 583858055 568004765 633075633 304169029 261964201 109403685 125601435 229568521 689812098 61856025 669836831 270392705 958851 592508180 481941671 833637415 76550440 824735947 378767474 696405458 540163435 771609100 87852258 979114959 516311239 31283813 270150854 122241840 889868371 370126513 756426982 599611484 315908314 75948924 987910813 695767869 667796457 849907 191458187 908869705 340428329 45500163 195162913 147956816 838933636
