75 74
1 1 1 1 1 1 1 1 1 1 1 1 1 1 1 1 1 1 1 1 1 1 1 1 1 1 1 1 1 1 1 1 1 1 1 1 1 1 1 1 1 1 1 1 1 1 1 1 1 1 1 1 1 1 1 1 1 1 1 1 1 1 1 1 1 1 1 1 2 1 1 1 1 1
3364745 93428633 621621918 600379376 737490982 10041833 454629522 71323483 540285753 771343111 350287966 779088288 260876387 448797058 968713442 485111404 656999185 700524855 82733306 711290213 584598267 297258929 640695048 241074020 304392756 869586229 902339949 532361623 860068722 974762327 363997549 548551434 208531753 775400312 703206109 128171165 25495716 131823319 928386449 623522102 631411226 693080729 630680455 440715521 756801713 112501452 26658227 830608948 728775425 749055485 163207143 462936943 140493431 729963845 573210503 122498035 507146084 63743875 323847320 17017836 989130962 561048428 892513219 159410997 950802586 95640372 197873660 130582991 789652325 443729765 567899531 188370196 932556565 171993748
753432477 114976993 228661535 706218863 243092894 854581490 166325460 378026831 313735993 352534947 356067199 140192759 949233840 398875051 716549972 920734174 907779453 662642617 387071535 559122367 1901147 809107542 115941463 445296768 936051673 294202662 541009515 739405437 902330704 558450922 89388558 384763011 313124912 264780051 750360040 928174238 539569511 990882072 904393534 102636089 159110871 417476137 224377286 574568176 501986505 613869758 397418116 423865164 93666472 733539825 737454319 897613455 394759904 934735653 332315343 526521708 78522346 30003652 310526291 98908118 454629487 399198345 556710460 593286419 116907501 455070731 726820448 166962681 949235515 709237276 389363223 719012209 83107780 388556254
363279059 144217453 456554602 30921497 807250164 369592822 250433046 359443099 675118128 888459864 771134779 433990838 313380472 257699380 78209392 25488911 1590957 815947298 11941219 52426356 642912596 83429604 91637027 973770144 869817259 325273090 526476442 716139606 507341371 674916796 861722331 305918247 657838973 321611078 602846861 931620991 826136383 679791430 425035546 675428651 913281333 430393383 750825972 523827208 121495712 529897324 281708125 415555069 240131020 83177648 15417760 348252034 636945970 978706305 292539763 136806061 388670859 437116122 175458953 478960084 693963436 119856698 524107201 565913400 742199008 344198299 11645059 934597238 444170992 846646866 174061631 396972579 10055971 961444799
496922903 597734743 14794156 304737170 658576585 996928984 813160232 759291608 26717235 150884642 994418536 840342558 135507473 455406608 574373827 433238322 81659588 800067446 754924210 694314919 193942860 278968357 130480943 968661501 827910510 46958366 956605406 469926974 511596353 697716639 678506017 722753024 631242703 213381403 675944350 378370412 796644085 186750547 476329292 202350943 544885862 128306810 165486525 396244546 395477596 763762028 879990423 544282143 583961579 538998388 464281753 946214567 255936757 698505801 24255820 662992624 186407843 361161666 815156563 849177970 377843986 836706034 454356268 982433625 740459713 584195415 762787236 171930251 789583802 603420471 983679124 159825033 618010927 365597394
546042969 80499899 248629239 924560283 73079984 15835386 753471814 228233527 6772878 286999858 468049124 882291229 88168111 496063162 528660648 185115593 404846726 962990684 802497775 798354049 12559144 966868572 607715737 976512680 63076462 996496298 990695911 303085396 184474076 43759356 439943452 709927468 427384712 663141921 835832973 38121561 790551143 245270714 418800355 326217435 664202838 398796076 815250936 195956100 658034299 895127355 741392903 262459030 142101070 596441316 641385985 721080527 755445643 160962764 252784633 635034553 215095439 938784754 333691039 269759424 62662580 91752487 658016116 279929071 31604593 93188938 27375136 271301167 635112983 156351815 115057304 669182129 823101546 604991647
971849538 655390032 222966094 265481578 524884855 561212686 819277762 802464324 678048346 732445584 908278923 7459265 504818175 165893099 289845203 369208521 730311075 483474693 14689891 762573443 3020276 878127064 647436368 949023617 421273993 438170029 97070358 946238647 513875643 729985373 916893809 951994243 295721732 359025672 912727905 928746302 201997546 875617006 409969451 19539071 76792730 518735373 562932063 507451591 223489519 600569543 395368322 63527967 208543702 112136878 841559652 113034502 134761434 297780353 882109585 38657106 619155646 53587159 764804231 541460637 554441327 838894576 560812901 587807511 922189467 23784238 338335123 476911591 533737675 544567951 212296153 128234220 670838849 701445274
353806744 117964949 898557758 362408264 495349320 674670840 719012303 295122766 968526453 621548778 150807254 52023782 302027303 847152620 108626528 465131080 458932456 135802350 304480767 672371660 609592667 411225465 92623855 249914353 239227709 675355707 386358701 724826766 948080964 420828460 986350372 209065337 882991415 236686866 567401989 707740186 865550304 198663345 711358954 204646966 681885255 926973527 170195285 283055312 539999758 869747072 804659311 292887056 699263601 908627497 10048827 836923795 548595108 723861586 227053001 536381279 122941152 186405621 106766 312318289 748167133 222330185 388213380 514906388 302412978 134004984 539549820 414691882 192677488 632302750 361410187 705806957 733152214 333554417
483038661 882010165 945843223 9257774 256575651 472840914 466905452 977974190 548209619 576929742 844086557 645955351 136244248 854167730 211394326 481544414 137737294 722039241 839498836 542191074 62588428 174657425 322664696 56010782 63408749 791093523 748330302 216924032 849765741 235700977 829039405 228001679 535173132 314438157 509922221 169587989 632801202 907107743 985571082 955642730 137119342 445519890 351940520 15964634 153064243 547066780 586736690 433806621 45101891 862119559 340991325 814918296 703384675 2505522 764946915 876308833 236218914 362652972 332383958 361958379 950903399 50633533 996486619 328875309 9109681 129202746 488446651 831839768 192442836 603051937 971730251 278408640 86426755 603564540
242541182 956802359 53846068 301965000 443341391 508212797 38761084 744520167 97098891 654632334 764034175 400219487 124800681 273413651 224451242 706528317 902990157 495654470 551381886 53614348 517612620 457222608 549134955 757541046 202823372 762773391 445263640 591341528 259412515 856871508 684699172 461625088 621978192 734458740 452616343 898043535 80761738 685930995 703751741 142761886 205353892 355138388 982584519 19043915 113109025 778259503 271344275 897070457 210445547 130571813 714417442 817519156 965410402 777380339 302711406 701845738 282067515 119240393 708100452 822150651 312603585 283310846 359759208 794830704 949305694 271547697 190915930 329391020 415105390 491112823 588830876 815403708 224649024 345531945
341990575 26288401 827154199 742516530 72700715 46673270 405998909 93377694 85591224 651796056 470582844 673439224 596604335 15374625 708141124 2954909 298348356 28551395 334056067 680684288 92713776 709492184 578123351 240793081 562052131 826102523 640015868 370364973 413589553 518065239 379124599 777135733 850421520 307702807 634767681 250484700 704452358 835540792 182383355 440045920 884516917 154022479 896850057 790203279 915485047 878922493 193424542 994839587 94700282 744055271 376328033 124242848 115337828 363257255 339206371 366456325 978353461 623972237 114944830 577925247 357406015 625504922 417557273 585325613 29792453 731712457 492387420 613537847 855406170 661612952 550982761 516595773 411642400 843652185
87189997 823960449 631693698 189806231 847911150 566477648 709362181 808452180 66476565 716478683 544942444 600011282 665702515 189631819 533109885 887629077 984257737 743668193 406760195 894303256 350740034 726961621 632702921 449211062 42359233 11149430 773623457 769450678 551819259 342219005 287503559 760338758 913756056 553191291 382994585 613248882 508174555 230378699 86852230 954575563 448889002 510767868 583417390 329634784 874746039 906281278 384018484 994647570 735973363 351102134 384036646 93721978 23193078 108401509 864936374 212746707 231182558 65599279 285328018 604214565 160744588 146614129 827511502 572064978 391679971 841889375 363190575 594524143 787533881 716591741 870260116 939204781 149442688 607832609
721194816 349456911 342063870 495316429 896220595 187940113 232737175 814910951 69738941 634446512 751699843 376366561 268327841 578072535 678473562 909196075 758347650 189709337 407571344 771416646 87856688 102189283 289616767 757000535 503465816 930517774 376114700 183213543 786616407 652084551 419262141 987505955 558496722 892610464 229765043 523421008 935385551 137873481 959007549 392444007 491133508 924068919 631846480 799286881 917472245 163667679 225936875 13163240 414779384 733603332 131330493 639979781 852858633 233881689 483966276 665925708 678599902 723000921 502068422 35678142 159728479 959168191 72926245 385512360 625251847 953521757 309176106 374614100 262959329 762610961 802363919 586597630 126784320 686688833
523819724 474551623 402844273 651372396 61383460 130650077 591970310 465123473 468303500 833570418 949605010 848593291 837289149 215111089 787427295 13824597 626705339 626248731 93447226 594069432 769544962 682398401 217577104 887456944 600242404 275988865 177641140 14950100 908487677 305961747 298150281 198145001 981134494 187385033 811120096 831075207 822770588 584053579 336411637 24730091 69352964 217396098 352470220 257439269 945022139 94012423 896786402 801218479 910461792 644508897 586978144 416150448 844261328 156696788 438406558 935104554 436157424 647425158 903958644 923773489 297287022 676024891 751055079 123580805 43786095 961505786 749132713 364240888 248704628 678258110 28394652 208881282 316160957 552562099
140607331 784303724 969671579 481444613 179653553 824688686 484469618 598063369 566033515 195447653 781059603 948090106 610294010 586027718 877134013 149698824 145418280 733329567 585633250 506586643 703357456 470803457 904935591 388289364 957956555 352193626 272779916 724675324 967762822 181427845 948795796 383541793 627435262 58322258 478869477 751308453 249484368 348227545 139486374 554784479 33231392 202182709 683312406 765171369 643573343 614340918 346282507 677056175 788574793 235684488 781412373 580288852 342612632 521106299 403114548 118907359 915229321 895734211 990409375 1178856 16186534 169723101 488360128 991417040 740581704 267322218 585136963 341670518 262751558 939451272 112987315 408337404 134681598 498411558
694415521 273376037 386228635 59955442 182538418 478983219 170020974 274356718 523933163 723890595 508954129 415363046 871777670 982045786 691209370 94161333 677585507 167037348 457738269 718907506 953173532 766439029 254633924 660133511 160533302 946360748 904620678 841985699 657836580 834204287 367126738 606503408 517987013 75050029 359010272 566185547 673160028 826815058 812916415 184321406 599069239 120301373 634017213 951961717 239599040 390933097 50192019 83936870 982147427 35795183 150511013 807291766 43537350 550786379 305331368 960277616 373753350 33839551 481862253 529769418 633863534 784325122 71128937 409075507 948155474 69265388 344490105 425254054 143793324 772212546 68372021 744803600 573185334 8269114
865261062 867719089 687879883 929001850 967705043 48851440 688196247 613024631 260579245 564792709 617821109 311492233 270670684 439038778 487555434 525890923 906893478 512930377 865538886 100781155 560187666 206183130 462063435 393340747 431847513 732455916 70464661 883989527 311894795 453372647 743723898 178929143 828450468 371834736 942429778 829198169 909974870 580913050 734904590 226781255 987261769 558549567 58442441 589411754 227649831 170302249 776123239 510619686 672075514 439966443 483149596 789101531 108913841 268573477 935715017 383023346 168829573 763165996 554621191 764757508 694549037 329111393 158352397 813685277 838542020 277997140 530344789 358682433 520790651 866287746 655611688 659599314 848327924 623409232
716875315 511052859 621374499 166313018 89210060 657773734 938894831 918172337 253696631 902680280 792275117 147214152 217807559 359633352 824850028 565938590 280453356 896054012 861879982 109973649 681220585 751570325 262522764 511755797 450684550 20209333 644472944 98494717 772000670 130902412 283997307 68293404 784462071 644976468 578561963 197052071 37296784 186769266 510635574 410939863 466173270 392930883 947933611 389349145 706537554 117253921 338856718 753320363 587573075 553386635 326801597 118350486 176451393 879799133 354656612 757888444 857841820 715490875 78262197 702633026 936053618 847019006 205495644 307391170 272090410 96687161 554547963 553114218 580837366 661321724 776568693 849080674 825112946 166263564
944173223 511313473 566738430 942423841 342924110 880082182 863390395 942537345 843423918 867774962 61220324 932602110 857826018 181123049 825064244 677282049 888613597 587379775 296864747 633026867 609353704 994459498 70329489 503659921 591284259 868914372 835059656 852202319 777895189 729135750 165528217 619261366 325477062 24899132 51306136 690541900 845156032 237971984 210289241 745823154 40721765 53538346 924521532 473623654 856253574 655348549 13484651 774353949 347215778 767733061 834808247 552506796 366125753 167337143 583746067 267658626 784588128 667471755 137437921 280222074 762966297 77566492 573488780 625752781 8102964 485665808 334034763 908344708 933294652 242193797 367056109 360224995 667688626 94523849
437382442 765084962 269063508 451958184 953527714 579861810 930655443 166244635 828582708 201576588 535169012 576606221 11971009 594188107 318939340 189940864 600346880 164128881 685276947 283980656 80029936 641045443 285371615 533190176 876128464 844094461 23103841 361350081 217248413 877810850 397717862 129927172 573227943 267543308 28754276 483478860 257333454 330677434 142573178 826581665 259398127 660100101 425332118 81806181 357504820 822938225 449649194 634973469 88651284 20444660 495352922 338760470 717186580 546830505 346060828 638291649 447492770 200341871 17159059 458604342 553346453 722125037 662912114 670754555 341701563 647347289 589526417 122380292 851683948 562752908 262581943 175584077 459246016 629373662
861482628 336067750 594694359 112222267 347839598 995737952 298711190 374267512 657426182 242565452 85232832 668244224 655630113 620163263 656820481 813549571 822269051 389200379 497583694 628565344 598641306 172634325 979354258 872499779 779774779 74577898 742826188 88438617 556746319 33939087 704194983 263581777 767578834 4914199 485938633 656918754 969180633 936077325 247767029 504380156 85216853 769029353 462599800 458260131 577412455 163009235 41310829 519544483 728929960 365173306 928503504 993637004 667458828 664865321 221610224 628154097 463601249 567888385 311074088 717917836 253883209 142480743 818538431 50872393 939831472 591413493 514864467 30471400 989253148 790555828 755316268 785512060 80320496 615060897
350815045 397280981 815414639 560033349 35547772 385621308 549928670 49986195 173882228 753450112 80867868 218477175 680898692 730557415 327902790 467555538 677075428 989378565 685346762 326283266 668470805 286614127 854803202 394209221 11755747 697826559 457964347 885812556 951341203 464845501 658408956 732668382 50648636 106973360 231047157 33372656 270453338 251547478 649917323 77694015 706590143 312041396 600103056 815316782 897449281 737098666 790087320 480325844 880879925 206344603 821788565 726144797 442271211 458066183 689499292 888553280 170243478 932117515 167453353 57778153 274833378 108365287 40091541 713274373 79987944 991825557 398457640 163617122 275017053 34486834 92963123 942563608 916325950 983957314
680287339 144952835 178440205 981916959 260544951 965133719 753464264 409375582 872165905 552436417 949491801 361752623 136602106 886634559 465126399 60836215 953642545 329670449 472615482 44117619 338138631 74497630 304739253 474517489 458181411 231344839 360956806 182536266 908669061 201240802 655532462 540449099 187176355 623931345 621247495 627920671 139425087 182665447 939762278 814764939 130225800 202707187 737245551 732438029 918396899 464853994 721136224 281323423 2722984 611125809 532713072 414490487 48542018 664360340 773921605 540841084 522310310 507124161 569741081 527740711 156741019 185355859 352948883 727084392 882544170 244250574 391156168 714701728 52293220 654212551 358288915 26160148 411062485 65709315
486321335 926779486 258342325 144944212 817024854 466651263 439059676 75455535 273678528 477891868 606245413 214920479 834290733 524607494 711242593 856317438 377818389 541254934 58938598 554734859 76503731 544346087 423558322 271077362 825026118 941656089 985358257 60746618 656555974 533245802 86546907 142987686 1556616 856703388 481156807 773555981 520635482 815070841 95952374 435999414 149900472 307475431 824762207 358881335 621738384 983104041 825975012 495761741 861294178 754378793 22171119 319550722 502172430 598208330 879092624 127130295 702608388 870233994 375897130 217437043 706062790 560273117 122281639 860629041 561295104 444929453 763650623 171524162 866234453 235333073 521344830 20102518 605171792 233374146
264913391 235517573 140917432 884866325 708730112 664530434 525043082 714761107 141436127 790624446 897608787 219600271 432236246 113593493 219629038 695187995 276847620 728796623 545682842 635859133 609695276 413292695 396037775 706383838 308542742 966611092 427124794 649115906 542311791 455818337 980734957 851379843 237434765 154904862 188017216 880828271 954960019 188533477 355375631 473183604 408466765 471676021 456823428 847241782 148791017 872839020 210368247 284675009 146571853 266929770 324605669 682558541 814186106 359026830 477784011 130741532 598721425 428940672 908503715 27320903 224898372 658502778 865193673 693613350 486821506 401397915 863091325 141618693 1990237 196289515 277845610 211741014 510831915 298377404
87698653 235425507 717396037 754123430 154815442 709127679 567509363 208299033 174845899 227261994 773564877 597785396 721124390 197875742 742915331 664022719 259799887 765711594 957341518 783605144 545979324 742110535 241350726 274109421 773671791 520861961 399417272 597687422 833139805 9194661 62543349 111928463 499582441 194350464 589942871 125698993 771026475 627205888 989061522 488846754 197007797 729027702 39778716 732022579 434248320 573736589 337560559 230219837 220130143 121297722 351223313 848278535 196815975 773332080 207554448 67167728 587379432 114527930 988795373 857248898 539218000 25178491 483371488 73682094 832884029 474582273 535384188 15251146 297192677 43932050 351803649 997076100 901719597 620417985
266858545 911656015 632895547 764357605 286129923 516294758 725169615 22110248 994600115 776821531 903735934 87430601 523680064 172023405 230725985 532644548 702629496 111541167 40511544 749581736 458241367 995235376 587337041 427023102 523649490 987971378 219900410 120747137 311477547 559489662 464115071 716242370 990801931 482113760 901660265 739120189 300516502 261295932 772862407 482127416 422872313 482504591 573364355 913399934 697096168 826427596 839142948 254680515 430851638 387964653 565885958 282074667 995128075 811952969 331307799 325431382 997381099 239728493 460570542 166247657 337681048 503239292 844926780 902761699 706023839 616367732 905102420 193872705 491946856 164429424 939391997 620714944 733889356 685548114
790464584 826052424 83378484 266320135 567042216 912297 659657052 242082190 586769011 818023769 6546919 563975660 134682404 418146628 799811409 822826185 647198740 736993459 294760304 183056645 169245816 588471849 934104726 940718744 486390300 245822682 214650847 541307864 327975981 496444167 701931748 696051095 528615268 133738428 123480910 46892123 247123687 293851779 762983324 594331255 642691665 373704368 478148663 70819756 31573327 38713204 732675355 579977375 710596485 327826020 403146380 169025217 421351643 719783186 1315296 255074097 990463038 704757071 508494499 815771426 942323349 861988964 727704105 164286996 746923513 146374401 882755351 138207493 856701150 289728739 915395484 515999106 731904304 112106936
997179835 87749982 785515931 453748760 517210397 175189545 560448879 831481851 179422183 779357291 381513971 889307678 452795835 3700811 827636017 155428077 908769668 53132460 963852066 399465125 432369397 265167464 923103540 185862798 510722286 826050800 71120430 637216668 786035840 695279536 618273169 745346107 933644961 519175065 761993449 24121676 903098339 236905793 148292711 183307863 12305297 886428142 200054042 17992795 198567052 136365752 825091532 769816201 743779858 649769829 437009352 523541181 713079011 220726116 361180446 906256243 388582926 965731759 381821975 518363510 745739172 775503941 417627623 885568060 718584702 223975938 151823149 172434622 268801643 119111819 882246646 740420976 680314695 932790468
121848673 688097696 850444759 959754834 393767134 573742010 306651623 558525382 740142417 240859180 50889905 582873630 644266147 363548220 121637901 370224668 435177946 582537453 213992749 260994756 859524109 848938289 963903591 789693051 666742320 954341854 492275871 210255848 141314951 795025316 906642545 689847703 738640623 768127638 224062994 86546697 192769264 596180821 154417081 682500670 947502581 34723403 141963912 509081944 34003274 736122423 860971147 182856370 774642804 946481468 329470466 962304637 251522021 840034028 643097325 667823247 848118382 826039736 857591054 302966862 922441539 237356272 141904769 411030421 694159353 71905131 823300574 365236505 542982925 419415954 170911743 601747412 415240250 598252980
375645491 992312095 512641919 560097117 893969657 288468069 157526714 589508776 834905033 501308936 99580436 744436105 728400019 82301285 844049028 430975699 647244900 860590026 639492275 853954707 469944040 602593713 438077790 513805560 840636263 613530920 645290488 775948137 760127983 394155580 87134015 56373400 603365828 35909689 22509571 598935756 855628760 622307928 298458571 482609416 932796892 579454803 712491876 868714717 27558728 205193836 135158131 203159984 861093971 447167705 308283960 747840291 903336344 696059685 695836108 64121538 271576738 852690148 965664805 506073279 528513368 446443378 928703832 140680562 111422807 569568545 338096541 720994234 914014948 248791995 198734504 2704210 246884774 447654282
516681238 822193043 73665842 974352416 452808174 916808750 391637762 166572440 247065254 108048805 13032863 739992264 257651298 441105990 277171445 600313369 331774666 963391814 628224819 957464636 549640062 105026471 29649743 146715043 229443874 784251454 894417345 756703637 856438663 406414295 619221933 634741064 890931392 534011509 805192993 899508146 996893161 689762479 970567578 634122120 776273019 994096684 81330180 523779107 230124178 570602965 237630270 587370936 488085921 86137602 624736959 929895916 478530096 853763135 3552803 124685259 281923490 424071888 119787418 667031553 917362905 986183602 717458667 326831026 584881607 40067449 921237883 729645460 540211169 907237802 829874370 496100693 384552742 926117469
453845080 774714097 263529694 989542826 677766185 179166703 876807458 277073396 336373459 225782625 872176538 148760958 311367238 125607030 992907799 445538202 941141389 826464178 309196366 68415734 718422001 287757816 723080631 860889217 716416392 580350269 246741494 702967687 308697928 970894813 820488365 993867982 352425027 242317204 781247782 243131405 475104005 457804358 209692928 249415351 407946336 737139328 879992527 865806016 902538910 339779016 387851372 566731095 677859900 797802405 126472129 384077284 17229253 389532730 731937393 594241316 979498887 846513809 957102191 360418015 4991836 624928963 34634632 245103232 845960150 160842427 783249114 765347448 93902045 798634892 771140414 58198746 198943933 480766755
610328684 3306995 256776120 277806068 848346499 456093873 648923990 198932054 648985414 862457965 995033800 475233807 59114759 629013226 74003934 121416449 637192861 788786627 205016850 901029461 908337804 349896904 512796488 528493247 853712936 17438540 820241736 120764437 249695554 801566272 818544059 176624463 281306403 541966077 955293296 507612201 337086304 994400140 940721731 691224201 210512543 102885156 529776059 24313403 861353562 720499113 287223313 412902974 798956680 749787171 931210174 628147909 97851489 805395752 792894710 908464547 449996577 198086400 344159722 606867346 556596794 930975603 374990946 330903159 933546000 672953672 762536173 471033408 761698977 850031638 722777188 723473168 530342444 612039189
595271193 781820800 553365568 473651871 462391048 718251582 36383429 980112648 92449044 445697556 990083006 151207470 14464456 136963705 496986175 505518936 500228516 562767178 453261752 755309768 996576790 912276679 817250751 229096238 974767105 623943341 907573044 147751315 310089279 534394374 17425532 414437686 17537049 764896411 616390237 307723414 692047320 810698693 530277397 942748877 542339971 931320298 36593976 528215765 84080448 657916709 8591564 424980247 383538487 19279422 512366170 464350590 634180746 604320793 594282939 361497273 316606794 516586547 487680009 759051250 370974240 51949510 88443407 352213066 224808636 734513121 142211335 403548570 825630860 881174578 295202893 5706467 935184949 753711539
356767407 404972334 285203388 995835412 259744031 549821494 886463356 480848592 555291074 288810820 869241599 212921045 287414470 469990766 740134621 447466102 822014677 423719049 79271074 397249386 4004205 672745221 37159651 65971377 953704802 543646106 569756032 850514288 524408036 483430889 510133592 556305219 822219153 720583181 747397949 732288487 675888322 440086611 670598893 45004458 842496725 964734029 68781193 986512844 932542678 788715269 240836246 354539269 571225942 568553365 777362358 621301646 474253159 650603839 871351207 854965650 63818377 490838950 565846940 818705163 258324320 694665743 836249109 857218785 10432159 456402086 182652452 971990933 293392672 796140964 424464750 293874868 738069349 569429366
962154813 371806907 721926006 947367768 908004275 132886067 449849912 495821773 439614451 932603007 268138576 607292488 812968603 456192488 151099437 87733841 157569875 319831422 850632368 701761024 111022324 814262144 851678328 693521321 858547204 221957422 410275917 551809858 490544080 277460531 87627706 584933689 881638011 175016153 236839271 264040794 811102668 989590839 653185471 514579239 346110382 739771824 409640970 967975176 509109675 276597395 827211471 995197890 168680154 427968725 575784106 22484121 97708880 86659884 821049184 378118039 744049882 409485560 346287872 829528234 248746205 413954392 558356004 581762481 203800319 755699656 727702446 849262539 963993193 636344349 392231306 988737762 515552881 457466178
995117890 721399458 108705604 480080799 90964079 845476910 397236095 395275509 448984708 144857351 601092945 806545747 705667554 635524757 901033765 390081293 989931801 402280246 718372667 701021241 450508790 986251993 86281971 686521120 430704059 508702851 929760008 6068218 775405718 371427990 787474965 797344817 690280127 941875306 183059551 332492093 534131438 422223455 959836738 74069672 789908362 503353980 109821231 969926351 65154715 713109934 825402800 442991867 326542454 2235351 113961350 573861147 443465653 197298653 737746959 414757713 263523799 348097661 461624275 926769316 358946490 338754047 531320398 627942653 841169939 738196973 639722210 828979116 121994631 548272269 255104148 272363588 399413206 819047061
1482912 443676580 993310702 821581892 170914505 667160008 878325512 206844784 644169981 731447216 127258760 461870283 721934099 794657660 920186401 241153167 980457387 287415316 449222945 610065083 919814289 980318839 9947652 695946227 667972139 755349851 144899563 648954816 462286106 6713962 301111113 480507082 773065753 354786939 951619613 360478433 341434791 485934409 572865459 689103911 92982951 209104467 518709090 519867424 129915981 427147602 863866406 595649554 777116176 101073047 74579655 513324703 233018480 452945716 161802365 280221186 322602006 527426921 304312122 26100914 364043564 412273883 549580633 57914232 827910672 627095474 34356997 784097912 703318137 566762319 635111989 412249411 969023548 542631971
93082888 258801664 50774599 536657350 932551428 775002537 104096694 255751219 698323198 83872104 356884996 732417111 298600782 703563091 920101724 318665101 919937823 293633581 396966403 436089395 992009234 791837684 874317403 549025080 301282038 571094676 966993598 136150001 333851984 981254268 430058783 348416869 572865894 183649855 823832754 180330059 126022463 414737707 597801684 105714746 157123459 341528617 894277701 189276522 746833835 509563501 877406183 931553251 223794210 336409872 549140352 366246645 397827297 752934231 401591882 18984941 997678819 29077266 117345307 401098674 989210140 974338470 463828775 993710183 62583615 734849716 448497214 923251377 639970637 81369726 592975821 202016488 956897629 41666189
447753187 560808045 4951060 96483733 762866486 158423128 360332228 612232794 862597219 74682729 305940937 233937580 581925127 813895578 813855307 821864435 470400413 704231126 614684373 901555951 141684233 39443004 256302988 927216975 39010999 8010037 952113016 178876870 788062100 298958219 136955660 310011941 180042015 418895476 593271806 762647612 613867359 545178693 955130827 48197653 884113851 458006170 37243222 283574205 307410803 387827396 380319513 584232932 524190723 677320796 596992079 837293689 916309244 850640074 761538593 954535146 169271971 68105332 250598358 560904955 442657566 927293848 352075880 52169869 191911308 424439231 162281591 554020366 26145405 675064597 862424607 191830046 23098521 968627215
120722881 144765366 503055541 90017904 141744119 172049727 430730052 847146948 376683718 247000214 212865158 511626445 882631519 132194708 173573005 795385637 204174660 13154132 321259049 877382141 613010716 52868296 760754681 426057273 608975310 327002689 222941767 496306692 518933912 147992337 467344723 983458790 464034202 351473890 263005484 208841132 356750092 366635894 760889972 564541196 157218410 610109767 759026612 510295150 321121532 202999763 796694633 107441580 754175758 134515322 924767776 874502518 384853146 511547190 528832365 639737496 783037132 426215585 367184542 122806804 55543712 462727008 110970466 714990728 473444853 268174033 178803551 937601819 285200612 763531122 262257024 210497009 922733645 219931290
819210749 157599286 175104418 841183597 897266764 458276582 597278541 559371452 114375477 769409133 87051945 419181097 504896739 537399677 681099071 899484506 648309070 693346653 318268227 606286245 87392327 226333677 59266700 564328770 938495650 455140344 443012628 629870650 52551982 223466348 809633700 937532122 474870174 241411469 987568850 317915528 992806082 139932812 710579569 179301188 854925460 523023271 813744845 104320317 273284156 125527514 21434309 999827320 405251330 107485450 74803736 335465916 780591269 818050835 857481030 532813028 760383606 281957467 159805 835757105 197514892 528557324 546174023 519152717 71499239 361703493 263155996 739621893 758039556 546813195 475125778 489332477 12316308 20438866
423843759 143490061 774422479 786433479 489116532 910943488 650607244 216937314 876088758 545645198 744674350 524889323 124210077 541408328 704303646 423526747 586671088 256704328 766318512 553643237 366637537 813671906 497069650 713039177 820948639 274926371 693546518 958158398 675003363 781064208 271075020 399375882 715189165 813264247 434183872 30659251 157712660 148695498 335550240 523020002 438010200 101017990 727815143 890544974 614431628 957777000 927666949 880162057 487714705 357883240 584312640 402058548 398222392 334201674 576733387 207266553 674837307 498843229 65304721 908428426 844336963 657776990 647873689 954271480 530787944 845464722 130245671 813659268 297289052 919719815 660824646 906209903 303337510 284223327
998106518 810498447 780915270 955022741 41368525 902064098 89920766 87662464 93428161 605968400 409424626 542975179 329853069 243774951 919911534 899180839 533612532 741049438 167692417 340269973 769311739 481012215 163043937 490092301 279437126 142194311 241168583 603119542 663790342 239838639 166038176 295954301 263741312 923568585 841063553 770809860 351545690 997177864 639628150 459534516 252038403 125258661 820790126 987056892 822422693 103610816 18044740 726591976 241543449 439622208 546313557 437627623 191173048 65942722 884999472 398281541 366666339 518391695 914707703 139681464 70492539 521201752 839364719 598972239 53426523 627954027 262318582 886054254 641535782 492934534 439370198 444840682 120973848 189141481
923685030 265243001 778742348 574955019 815202301 662162429 470198001 511374565 261746932 311611401 903425416 125116344 910665292 271275852 362773223 561983444 834997885 932757862 836187521 918676111 706549398 60281185 507735023 202024103 597776054 331619081 760099949 962275061 393698019 989460583 417514917 326021012 139740057 202879528 740254703 903172186 760536177 293274099 674814400 581640244 772273330 396069327 76310402 926311050 811614047 696918029 730756974 211033326 281167370 985556394 182173894 12805819 539293646 411580104 585534365 685254332 583314598 104167707 724558709 872766009 976405018 872604823 751829345 12146638 73829109 852269060 286456492 237873575 251416668 750078500 759234099 436072976 732365004 900830147
886849825 242666081 493878241 968191456 827227011 509900203 94219112 149637460 523634954 310183260 747817409 515917827 568040220 959700357 680487630 49699135 551121652 858120651 685815458 600786756 398675532 264275354 241309936 120988575 349454609 175755715 714885681 178545943 371704838 538383473 608384602 387038963 277744791 902634037 502340050 553958730 466077054 771290185 502863605 830041111 254264837 733966970 514183807 439033547 947830758 332954072 906601314 963030255 355653738 431509208 539645850 371216865 574064941 275065740 709788867 774885096 445486923 279751817 845269376 997422284 754010991 409352406 65700220 346147788 502681984 715478768 136739084 641809658 760558488 853487801 456777350 155305640 917983058 114857191
24292857 630379480 22872475 695565813 442757514 632688554 364910192 164696251 597592623 246099284 246821650 401862969 339102283 715406894 727829756 458643512 138118620 746326886 696547545 221658815 952795144 931504918 829991620 17373328 940295590 312058386 391713974 892175633 936554309 488969752 60206810 536494456 596998612 794085954 835450799 552286554 382040636 326768715 161231475 978067285 540574150 481490366 249957099 905037036 317668994 179435620 997082696 720826587 962111684 954810793 478366598 445839806 922346344 815674991 506862751 696861401 91789451 227743341 428174690 46980514 916930870 856163924 934438392 836411665 253156986 404146322 638990931 6450209 421715819 518360593 154373862 571484047 606575367 632599091
810557801 368572674 928245345 708124128 332557884 964478117 936647175 365584912 155104863 441138369 324388907 288115856 213213436 106993794 954470343 613340134 52747101 56988740 446989595 263557337 110297060 434653034 597896027 109511305 815571360 169732009 637909651 899534310 258246465 190243130 405043854 450587302 512143831 553657555 515308370 709044199 649352941 865747006 521902700 753253092 780960710 931293029 423576725 950240179 761876870 996631963 732967182 865726092 302368766 41836407 545513964 293555120 512792635 804435245 41952048 212183091 4000510 255599881 229192103 232228065 12158432 389126142 278759203 244407423 858317464 625908853 170067837 863985493 999096723 469468363 416226792 394217065 99956317 483364349
110428783 890800262 319917101 72461796 901227004 849129150 397926627 185932608 920303832 14302712 238308203 426310552 804444339 355420713 382480942 146699060 536879669 469125771 715100835 151417598 697527835 960408794 371001840 896401705 317270522 167634347 873399389 657953618 278744958 270762726 271831101 66084895 537183041 760825617 966704754 926626558 9826935 870242865 105394 975392961 696407126 899530657 712768965 457182550 638404002 473152360 752219110 827937353 820489078 991782367 678056971 304446897 201298256 827898248 887369817 448774528 607488018 172271612 410401154 571030641 689905340 375616681 493564172 245586631 767155933 282675984 653206153 563456062 91690172 954376096 784437550 167582413 189958236 689110245
705379176 332824179 868387146 985312817 401177562 667727978 293288733 91908956 50856203 609692846 30701245 867967819 951665003 490784574 890210072 326535069 109125914 977873838 611132415 311106398 358158469 562182498 690598326 72076288 714081095 516047994 865231018 811700437 505295569 386834989 573917058 497718907 237187465 656147667 535924114 89058383 391205115 529018051 696142997 773172823 390318669 953751776 793339530 436294287 427688223 990721753 130567170 537807272 227787806 706813765 459492718 894440452 173216796 410487944 260061486 239751016 871934902 130663569 253602854 867978060 766041033 478295371 460939425 12163344 352305125 250852105 742435617 236214860 330112449 22539261 31336185 206485586 826517286 234996848
135375042 45998655 90530096 386376782 732253759 978562422 741725644 299275531 731016338 604455344 612736482 963691051 130257661 572559892 177523641 84136367 23507290 780936623 421607560 773583364 686637280 476753601 849484584 529763822 261390677 362368400 28842620 414481436 603537496 629964734 772717479 239568429 481225193 628461792 655161252 363269684 740361549 906881946 387164624 698189329 790293909 153058751 523053186 955251982 114410700 738682747 156093474 140800022 974996500 522594724 54354354 753097039 303042004 150415060 925723851 104344932 395394872 538221767 210445233 153270447 36024996 124425325 723560465 990270965 94981385 586386200 433244290 561187651 859472486 680770269 191654941 956923171 432070989 726935269
750949866 493924431 537424672 131440225 430843621 947647315 199865144 660073182 912814065 309138169 478994263 340655740 811876730 300553416 529588725 488848370 594902253 223907690 44446240 534868510 830207227 175851906 538538311 501394931 474669839 61404164 876996358 808288093 963171144 973014259 678785372 192400623 293448627 273544546 664772845 351492850 253776222 581565866 125966558 817090144 835363503 559354347 79861837 735375063 205058161 169688822 494825906 668437630 517245310 412830930 43044442 675485812 428739426 284908703 491952313 100329894 401761011 813839104 130684577 252074552 807067057 245830149 796682599 680668794 373942687 808658389 300637424 767733902 243530584 72381042 688591696 795477750 532028477 578306368
927772777 79049940 860474521 387561543 819754709 451890470 920451933 880720493 830156868 389820949 433996836 901195404 21242400 402358621 624463154 422316863 812359418 636603667 159850238 922888815 179282090 751857563 266687373 828092304 558825226 571871234 82097569 27727762 14468744 11652674 828208631 746794182 719374540 801230885 129754875 246349330 458556805 207335804 311008349 308324679 951859880 703733540 251294309 133989384 789614168 2177111 877198861 538179570 810458519 161499602 630139282 330314361 299828816 89341570 835067756 73785105 420991436 272281358 542942412 789765809 682017358 728716053 737411017 772603909 564288350 488159377 520220313 477143251 249908814 209288865 827309133 160125851 960863071 302703945
763277438 417087780 811044939 424783693 935358788 236703119 475082900 610950336 472053799 135933533 360261934 984827064 951590233 490462107 309580777 260736053 333942574 986157701 401236748 849391148 131801932 37299332 148374360 625617194 553159692 672109641 398558248 29729088 64077591 47929336 685237496 709761733 333732117 930284790 364437047 863724532 720627762 559222323 870964340 459951315 183025855 142330608 243071386 933211704 957046996 158519250 748102854 787451218 232779425 847237584 58451128 59692821 414912872 561159086 648559868 948394238 543002102 736804592 744050354 803999962 140522286 550448921 70991269 357281190 680127124 148537247 236120828 361079114 873674701 750604703 849918171 360734354 452262822 586193974
211022664 863175355 803168950 208669824 727059651 898644900 370003530 77960183 992917032 649579345 190689752 715073749 459363116 651146547 183252567 27158244 334481126 773528125 123990410 224466324 9384861 459973908 193082002 387825943 337011866 862891279 141886963 233394841 400162621 867667701 510392720 771064093 994064791 799876762 795434177 255442735 82219254 399577922 56702973 108661517 191303755 350430590 682636198 834008705 956054860 743480858 933079612 353521971 166227437 872740250 165157593 2124761 494283352 706891564 17888097 378805653 721133414 945527765 33461258 862520442 795778787 979787633 117928696 170636351 320392913 196789229 442686095 589445345 817075205 497003263 476692383 782867987 980951872 10035590
905453012 468308296 727533174 104123603 753337374 805066480 976760353 556705625 639348190 213024578 760373079 653940147 102064812 464227379 311350071 642303725 448385519 726914317 609284517 346277873 53803462 119195795 762477706 785194063 180455217 742788023 115605917 122423811 38034415 412042661 741347559 200438987 836346874 712944793 82981831 616305821 408458961 445916425 255747655 531719168 545592894 927654500 326286221 788445710 911808377 613836146 936882294 240774245 550618120 988160152 282031302 850206514 170146739 955536378 673488735 690894619 565835522 363156707 452037876 580195646 386402013 260207144 12045727 297673501 731634394 225090075 34754481 31841378 34973669 437252524 565041427 530356720 44292207 290908306
382632622 257908563 248054819 526747595 948897637 908592481 20861217 644297473 160140980 999090371 924098972 640868894 636462152 116194951 809426866 859401058 402956106 273514654 200910419 276028037 872263179 502197031 679871894 332366705 197477806 955037520 90947961 711846091 86218918 860875116 775179177 689329488 982144296 476719342 538432133 448709351 546980479 155273639 207988607 580807945 900807753 225534304 789484069 555038861 795788391 450239906 259974225 436122867 589102819 209940427 599526151 880776482 493583222 127847581 480810161 139897473 177806517 702517049 232505151 896345510 572590721 996262047 334211032 486578579 481703219 25358464 67320397 802785471 92130521 442434784 836935655 198460408 62283822 41665776
528972672 554758418 517712372 78795904 915111777 963648193 317185764 726348968 802243878 459758053 251164252 716079689 874003494 324154329 327788208 537811839 188859917 766743941 401603865 394077680 455102928 2461175 421503907 431695410 967567515 497199769 57662158 229768926 569314962 945530132 49647519 751753844 799359420 344091250 966550584 223316946 773457246 82806446 507596554 188385504 222387565 453005167 864821755 41525826 586700937 330486363 509847823 977332717 135034408 781291871 638066571 539174047 227663250 199800508 577114359 602254686 2308910 252228595 305004665 126986427 65184440 287500077 588259044 531577380 442918993 771851000 907716881 662554125 566269270 207494543 589644773 702829081 414345668 59362002
841738571 380812000 153803073 871662240 54470617 536140552 520687144 65141940 851822059 263490574 802818169 951734220 527863286 684707658 21466089 780353953 955499993 454937007 276697269 449465177 992627461 80146209 364009377 359024485 376848119 670580808 191541310 907982971 123224335 166145714 214328256 91033065 148260770 717986961 103222669 592427526 721347669 922577880 195493991 735880811 565220602 458106324 283731091 552572863 457729375 696249609 83896398 247568766 794378096 24973454 335750205 566503186 705011546 989976475 869097121 694470172 323518979 29303994 261710324 77685638 931412627 198056088 750666334 287977361 605804932 716230397 110212413 871482068 494948688 64443491 456606182 17858123 398272261 242511732
228783294 974688052 296525462 50026820 310158282 700132704 955635386 897082287 727058375 921330359 193244766 791431903 77703973 404337546 608950740 24252340 496407904 78240560 277882090 332992601 263346938 985971680 933022487 220809162 973520131 779865839 804636677 569740184 63308104 357795466 233795427 404708726 510618930 114074756 657817222 858161357 423868055 685177469 863354456 786657730 498588015 925166667 169718081 429182763 49052182 127571376 853524138 321796963 128195068 828387096 193719671 588615015 722028520 79677602 235748074 907812535 618488516 170430388 807633900 365324885 807823236 681375013 463683944 945600868 642111810 113738911 550515929 18903986 400021299 687687344 768242347 475727395 311490960 293912996
642023053 283685707 746267511 355056383 653593663 976475526 617949448 648297169 856631233 530107501 267951668 884824019 880014808 524934445 714884480 53315687 65029204 334639488 976162612 417489613 841146189 930462431 178501916 750333332 422707848 460173175 45933176 504914578 391399849 210160237 770697399 709220569 768972884 206121150 213529820 6214917 967592985 830600850 30037582 289844205 190173004 304757253 265413586 213503281 227915060 644478118 98931695 698211042 900871341 313769541 385699328 447264365 339963317 954856113 562290337 725055918 566864770 347081004 172037494 671232506 123047337 148313848 387969532 453479423 697905347 923419375 906982713 997011848 210159228 681030668 53619056 25644277 332672185 382338155
510315723 870896524 897034420 158507006 711710677 889742510 537052003 963773966 317821032 662988734 405978990 980289611 202844861 100003808 112645760 560169923 672403689 981562247 723169608 436001644 287472214 670788344 438231180 818780836 202761913 907352900 812856208 23546116 751398423 743643547 81186047 856934200 96308604 75139493 742141107 599349012 681138196 66865895 228838740 557419846 981895803 70883505 353333859 486116179 386014315 839803976 271790455 207548158 698896365 670659610 547869898 523278394 364571829 899383114 830752946 168230772 264176727 332179343 745778606 920051448 221868475 72134183 418032861 329341459 578495899 203181593 550737795 562132706 80679236 129260511 140212986 584562595 503864961 520418046
548605041 272225196 505892016 495010218 948055673 537411963 506879200 243579752 452064255 139518406 753187647 57542705 30404747 743181536 556508148 839294944 279757411 46558819 985303584 952282386 925765532 850359106 415554801 314706964 949166944 967285523 790347934 570432687 857094295 739690421 505977379 400363084 891287561 606872850 544715347 517456996 184992253 492873447 177335219 819045434 230423682 146688126 55614913 644492358 911703046 251751893 74108028 517556255 624710782 466632427 540629704 859177569 826264615 641693475 283345555 71932277 777560714 106292262 954416058 158168478 670689435 456206297 649607274 254580922 479081768 698433092 263688196 455879865 34148712 352198789 104275753 413511949 653983355 271484282
241616514 869364914 379132761 161234049 191229731 732598547 864820343 667273101 850579047 764706332 374323022 832852761 631841498 26121264 170041440 508380704 960076004 396919582 921084222 887129806 891157679 237260360 495162627 117388584 815401352 551702081 611363748 751461392 900493661 79514940 235004539 425383492 513067336 775882986 556178113 122448622 880148310 858579707 327963365 182412330 412509221 804686343 273804100 313068083 186910996 261574350 282654080 327248437 787327188 137681655 451058785 461515300 638633557 557777674 128896583 973773672 794495334 200350606 881886534 251007169 703674208 779225477 684878762 124556372 101998952 853296106 492478983 718265218 567338373 282247084 592272022 412716611 361726597 738180880
346209713 920830001 834708161 869350681 591372195 35264459 106836589 159321286 452773457 597241774 617891572 455702394 340269055 381492083 625633256 841228954 912173938 156059718 353250994 889606512 45476564 577493964 425652395 94827314 741228751 816779859 480775392 220476751 65780955 507125108 872874936 333584647 905078168 249853663 341822359 871993659 7366013 188676047 609751958 184392064 653472301 900612378 473349787 924151876 853554872 745098304 666404077 437830787 70114784 572296198 490220299 215976026 342589896 277479499 784332997 344033811 474717747 896458045 541505491 673889920 162021657 215509491 592411010 443530153 671808638 750330355 522564137 882523415 833417217 9482561 629595213 202573019 774533251 82346550
959062174 632754905 365108427 570449822 148713769 66951672 902938786 305422931 226371561 429066597 292906840 975999891 879707734 421099574 341973599 98895385 234392302 382103973 261060715 3134928 446526128 358549771 517900889 465048526 308827406 777218411 772869337 407800771 973318478 545308484 863342361 912438543 343652373 588314559 513484539 22308975 852354282 296592777 451019218 665198636 176789004 371305771 416987658 134615718 364201104 330460073 347403126 852769512 71474466 57464408 297054977 885319611 519355438 182088055 111805616 683324130 725218712 767675416 387020969 689860776 399037885 443203198 1130189 380889609 26786079 157357926 60632713 496029058 250853011 415370367 374977550 618286953 469124544 871177140
753610596 127730165 57218858 852152581 444205984 920198212 977366642 463400085 381472132 529376395 709872722 199780314 609529629 402601331 100747792 233397641 145514381 899633988 740069046 80495350 961188530 316796866 848396954 217042204 871785148 792986226 283329286 542819065 874530611 560050184 310375313 499429135 648476296 276170798 240281384 51329999 95827380 231007200 795579087 443966350 32506949 528012901 140806385 9717298 463786120 547664545 551454771 804378749 408439980 783842053 195457011 494274633 18295172 955144777 568406746 575945133 717146657 210823317 681001946 914136037 556394844 456510155 803793737 482462533 919280694 251203742 193317281 936466983 494201206 105992404 138527235 808284389 819344134 607672553
618088850 432394457 169062231 437488819 733188370 901190630 254547859 87510456 346650371 831097473 804958701 341973320 314148411 581694665 964404444 46939496 656452146 55403691 249449353 708084406 900355419 177090928 424825273 934550079 349581835 607311590 198419318 511561341 757288061 845849311 976975698 150162400 219744376 907247138 31650555 868981859 114399447 658940229 201149908 654790197 13845929 877948337 692177925 944084999 548055788 27084482 243705751 816056494 723564505 855546941 560820138 566401697 665061868 364697998 468945669 506424390 889585109 781102159 194301082 218334149 997158037 434682865 547539854 178022305 659097521 212778940 160632672 204243557 737950850 536743551 145016529 212674844 259616920 440358967
925981084 403434006 479450804 578995401 587394037 756380385 459840497 992950261 821154137 621829389 873142124 629856877 584445560 474008265 699879497 473067224 758516176 570873332 811173737 429220085 259652800 29949301 44600559 811914536 63489230 894312104 911791040 725022578 262139766 886320232 472246742 403704270 824302276 504629413 648797836 85170349 455995605 897429176 58986004 887653902 296064263 454691173 835617896 898228191 877507696 227363412 414372313 56505924 27956068 477257573 901493990 103622796 850990701 554784384 860933464 610247229 716643014 902342663 867237275 205127625 975885132 110342768 777267412 273276693 6877373 482315328 441280130 732018916 857664128 749824831 222042806 856968729 877452380 797099141
694548330 403667862 961024309 318555932 671165053 360868350 463823671 997372299 65418495 957382107 816412720 411216236 692256737 862811544 600590479 324894048 251558511 302276630 806303768 478460943 462272223 529545311 391558344 284242185 910816019 205828985 979423083 626689436 393755916 256068295 632472043 562495068 919094461 477323066 780461642 784582065 213967374 505497969 254285359 171496713 436979836 971219783 761020458 928843379 156409130 440654056 54121242 649619042 72354797 29214937 862329427 692176988 751196843 170950722 814207801 409508707 269657799 474345316 340816112 846342763 226418644 548588175 834487947 607544499 334738305 949120291 556957996 671378554 754406791 705797624 674154766 478863380 731230829 567603092
907989731 224396554 817918251 788837499 691878601 826137735 513119266 994963866 975901357 48355406 908285053 9466726 724983209 649589650 479686965 735646261 353499417 84461833 964659173 866495403 150617497 532964395 798011764 873054292 95802176 61661765 381445659 141169394 730591724 304880745 132300695 802476352 771639134 792691185 393030933 684125568 131010288 403413040 498677003 167077836 705250779 862815605 922294537 868693400 358441954 274335883 312485396 858643520 434983863 471395993 190799331 291803013 218947122 353471562 12578674 238095324 580771457 423173500 380648589 351755729 357660080 528121731 236837458 627894841 508270563 137251992 38505751 917326595 788642459 161250018 704374921 615618732 538756494 473168532
284540399 997282625 196060052 227763057 794351657 921950880 742045117 435072275 842490548 238398669 952760787 905730208 70653820 427288828 21641494 581616173 960651046 856495356 422024680 744845883 468090465 342369230 817203963 372752232 739917283 216202161 241681810 894729219 269117885 931659269 667080195 116004343 106534450 708262696 134315206 963484658 887406270 843713133 231346364 237863138 882611855 214131251 196871783 183180484 367047290 702756860 922991509 79250616 696546186 233666729 878902371 869108236 281551766 490896539 76381698 198456291 124229402 632555385 361186665 222086888 305624437 19823573 458263189 879097765 559128575 462406156 624840994 829482671 552443188 789933940 84649869 55730471 300884604 118533513
446239766 979148294 782521698 961875365 530548004 663914196 583462595 442233332 383418886 716076224 974181858 510673206 624862664 889708589 123790730 78501900 448495146 603678249 469717234 856700961 595415216 842535130 660270557 963816865 99215280 764516445 349125261 556328896 644165251 861159220 579453515 474881730 197997597 355828776 28386796 465793493 911026113 831706680 895650126 406789138 550707355 69732619 810474599 438501080 611127612 34346780 201715393 587890139 404041518 835929668 34894012 171543434 872001334 909658552 504096086 214345071 27472099 79956784 210881274 58320458 451955404 595781133 640863148 128998682 209002223 725753997 26818161 333378942 383281596 160362827 391343366 813858245 997934270 433123654
207701041 653147533 386217449 652266757 319118880 181519149 39388794 619217050 703960064 807666620 46576982 891323266 252744778 979672324 72645974 793367516 394703026 321297617 732605109 408881162 345125761 33615656 658178982 600751660 428319289 658810900 784475527 559614287 182186296 703362972 399777000 477615957 867177626 605512428 980714452 332634183 809901141 48269876 71566576 292855320 445418904 433700504 587670432 521528340 772453602 341509678 886075252 990338565 851425108 39106147 472503835 629881788 222232733 253559775 549005560 435881222 407753447 796452346 934407007 893387121 730183626 33816333 169871345 831686916 873644808 39128870 641445852 535606058 792592096 118514897 350220122 694075545 113424806 325804140
161442160 698106127 435823309 400131311 83230072 871781643 77106584 349708856 769093894 769837963 18700216 210041599 552258479 569295620 594946249 422001372 222127576 772668363 53618289 59528463 886792340 554410677 517111941 557265837 94995587 528539894 611917342 428382225 229885373 746458084 851920681 299180792 568890807 216877564 555700246 555063890 976548881 934472596 260238735 234479146 840484150 394092299 436882720 390591406 29085341 474680346 676376217 531638583 350216790 558722908 673234884 6392891 925445667 653953943 900121366 40099572 986188521 447847530 230300857 725904939 916746357 664289808 260045222 295300824 462814906 641808920 500736096 528540670 919765525 235065564 684807227 547212407 38558445 207913236
