75 67
1 1 1 1 1 1 1 1 1 1 1 1 2 1 1 1 1 1 1 1 1 1 1 1 1 1 1 1 2 1 1 1 1 1 1 2 2 2 1 2 1 1 1 1 1 1 1 2 1 1 1 1 1 1 1 1 1 1 1 1 1 1 2 1 1 1 1
98 82 46 38 75 57 57 26 12 42 97 68 39 61 67 31 39 85 98 41 64 63 31 100 89 28 52 89 1 80 1 11 85 20 27 40 61 33 26 27 32 35 75 17 12 84 35 47 65 1 43 75 2 16 100 22 74 17 86 27 64 24 58 90 48 27 43
68 8 78 8 46 57 13 46 98 94 99 51 81 56 15 7 28 52 49 36 89 50 95 30 38 92 93 26 74 91 71 75 61 39 32 94 76 74 15 51 9 57 28 46 77 86 57 53 44 8 94 98 82 73 33 21 92 71 3 62 35 74 45 3 6 14 89
25 76 6 72 38 72 91 58 78 66 73 83 12 41 46 81 92 8 38 28 62 30 87 12 16 99 17 58 52 85 75 10 61 78 35 28 4 25 2 33 44 42 62 97 86 43 30 9 84 54 3 33 88 13 3 59 76 76 63 48 98 73 74 28 16 21 42
71 65 21 9 21 84 93 72 54 17 90 2 12 93 10 3 43 97 75 41 52 77 89 48 80 95 51 66 22 98 11 32 20 86 23 39 61 17 82 85 12 14 68 34 52 65 73 36 58 74 83 89 95 31 73 56 24 57 71 14 15 6 36 84 19 1 79
14 43 90 70 11 46 10 80 70 72 72 77 68 41 29 67 65 58 74 71 32 8 55 44 74 46 16 33 39 77 91 35 31 93 44 69 91 88 6 51 45 95 82 11 76 85 3 2 47 26 19 9 70 63 33 71 90 26 18 72 83 37 33 73 90 5 36
65 98 84 39 71 15 69 53 7 34 63 59 32 20 92 39 79 72 68 58 42 18 2 68 51 85 17 57 99 44 43 69 92 96 48 39 31 24 1 94 44 52 69 78 44 14 69 89 31 100 29 89 31 25 88 52 74 44 50 38 15 41 28 46 32 21 54
94 61 31 9 98 74 75 27 69 10 75 46 45 56 54 46 50 39 46 20 57 46 98 7 84 7 70 9 75 46 8 36 98 31 79 55 72 20 99 33 1 32 12 56 93 32 62 17 41 21 54 47 50 56 41 97 55 7 46 28 76 18 59 85 31 21 3
99 40 30 39 19 75 85 7 53 86 85 31 22 85 75 40 8 51 31 97 99 21 10 27 33 83 50 3 61 46 96 35 25 40 98 97 21 19 29 98 99 45 53 8 49 93 58 93 66 69 78 34 19 62 33 9 42 79 99 28 42 47 82 58 30 9 59
42 88 43 70 15 93 48 35 68 23 14 27 44 52 78 18 20 58 37 43 69 22 9 82 97 99 20 61 3 84 85 70 71 94 63 2 76 38 44 68 76 91 17 70 42 85 83 89 36 42 9 38 31 36 42 50 33 1 63 92 70 70 58 60 34 74 9
50 40 49 11 74 21 29 3 4 39 53 86 31 16 23 96 35 67 24 32 97 65 95 84 81 92 64 95 18 98 91 1 18 40 19 5 1 48 49 45 84 36 95 89 30 48 100 39 22 4 43 80 4 59 22 100 56 86 25 97 8 22 10 29 94 94 43
41 94 89 9 22 67 43 65 48 100 63 39 17 11 39 59 78 80 31 100 8 38 16 70 12 32 87 58 63 18 23 76 25 76 51 68 19 61 79 17 2 35 29 33 85 2 83 24 74 34 5 68 81 75 75 73 73 51 4 56 95 76 80 56 81 3 77
44 3 1 46 94 61 52 69 57 23 23 99 16 33 74 64 12 67 52 29 35 64 8 90 5 22 76 14 79 93 33 82 63 33 99 91 82 95 97 50 4 90 37 81 90 12 74 72 76 5 60 73 75 89 42 47 14 34 48 36 18 60 28 2 4 22 15
86 70 41 11 17 60 68 90 67 3 53 47 28 41 17 73 56 30 93 59 59 48 44 5 86 66 100 11 92 23 89 62 96 98 10 89 44 44 1 65 49 34 46 31 5 55 60 95 41 72 22 68 13 72 34 90 51 95 18 9 20 94 57 37 55 38 83
21 20 65 54 94 28 83 27 76 54 79 35 15 98 44 13 66 83 31 2 11 83 57 7 73 90 11 10 53 25 6 23 62 99 77 21 97 85 61 29 93 71 32 76 33 11 80 79 83 43 61 71 88 18 53 4 66 35 77 34 57 51 46 89 44 68 86
67 17 13 33 61 56 99 28 75 40 25 45 57 59 60 95 55 92 100 50 58 73 56 17 52 83 80 76 69 25 34 33 5 36 4 65 38 53 76 18 48 66 93 98 41 31 95 43 43 88 8 61 30 25 30 59 37 23 73 59 76 60 36 13 61 30 83
89 5 99 36 27 34 100 7 58 50 8 100 56 73 45 7 42 32 86 70 39 4 96 51 92 54 47 8 48 85 37 64 3 94 59 85 49 47 80 30 4 90 72 52 14 42 22 67 56 74 10 71 46 33 63 35 83 85 47 78 8 20 12 61 34 10 2
69 41 7 28 23 1 28 60 3 45 94 32 83 96 83 50 88 79 2 8 45 75 3 6 67 55 52 100 19 48 52 93 57 52 52 7 69 42 98 41 39 79 65 68 46 56 67 80 10 22 99 68 81 5 13 77 57 32 60 82 50 96 29 72 28 5 71
99 32 91 17 56 16 31 59 22 31 88 50 51 28 24 14 22 94 5 46 56 42 58 32 11 96 48 73 14 39 36 87 43 54 1 96 48 11 72 31 39 20 8 52 63 68 3 1 36 25 67 82 29 32 73 53 18 67 88 17 82 46 66 71 54 53 43
49 27 97 27 16 75 57 26 43 52 36 44 45 18 52 35 55 99 34 15 69 72 15 13 15 26 71 96 75 35 38 12 59 9 71 92 73 77 80 25 45 47 71 14 16 60 4 89 67 43 90 5 92 66 15 83 98 68 33 42 46 57 16 100 35 66 18
5 34 53 93 12 83 64 63 48 58 84 44 37 80 97 93 39 20 66 65 31 37 7 37 35 11 88 100 60 20 63 1 58 61 74 53 85 7 96 84 57 1 94 20 64 86 13 93 75 76 73 98 8 34 94 87 50 95 93 39 7 97 98 60 34 11 62
8 77 27 29 88 23 35 54 24 37 2 43 17 83 57 56 99 74 74 36 59 15 17 79 90 46 52 55 48 97 82 51 77 51 23 28 24 58 19 32 62 50 3 38 34 54 77 80 57 32 85 81 78 41 94 32 14 24 94 74 11 71 1 37 69 10 50
94 86 32 38 63 98 51 83 69 31 80 37 58 51 83 12 31 73 33 3 40 36 26 40 51 83 65 60 70 30 66 39 38 100 93 72 37 81 68 28 51 51 71 67 94 65 97 1 66 11 88 9 84 2 24 64 4 52 83 79 34 37 16 91 42 100 6
28 31 39 39 89 30 3 57 96 37 86 97 31 72 40 11 16 85 70 9 65 48 93 54 40 5 71 19 56 73 40 77 59 83 75 11 63 7 11 43 6 95 11 77 23 25 70 96 42 27 42 75 63 49 89 97 73 93 83 9 20 8 1 8 30 42 54
60 76 21 62 5 86 12 24 82 88 70 73 8 15 67 91 56 75 25 43 72 85 56 8 58 96 93 98 1 44 91 38 62 97 18 45 87 17 84 54 54 71 95 67 91 92 10 26 8 84 71 100 17 72 16 11 58 22 83 63 48 48 13 75 86 12 51
56 74 88 6 90 88 22 41 100 45 14 84 12 68 47 18 30 94 94 54 62 11 38 57 57 3 81 34 66 68 49 28 12 99 14 76 75 71 64 85 20 67 60 66 69 69 62 10 55 50 27 4 88 52 68 56 1 46 24 43 39 77 45 24 23 5 53
45 83 2 38 99 45 34 24 47 12 76 25 18 98 18 24 18 57 15 27 73 18 6 4 50 18 15 51 21 78 44 83 49 31 60 88 13 87 60 48 76 4 22 57 25 96 21 32 73 73 93 24 69 72 59 16 33 74 11 31 39 61 92 72 13 34 37
21 68 49 83 38 43 82 10 21 45 94 68 16 19 52 26 56 4 10 89 90 2 5 2 49 34 40 96 63 24 44 46 83 78 11 71 39 49 35 8 63 21 10 53 6 92 57 90 54 99 41 52 58 85 52 2 19 61 81 59 75 31 28 95 91 76 5
54 68 19 12 76 95 27 9 11 49 47 1 61 58 54 41 82 51 49 94 40 55 40 71 74 76 23 48 32 99 98 75 71 26 58 89 55 96 23 43 86 99 86 6 13 93 21 19 69 13 34 88 78 15 58 7 90 40 5 83 83 39 85 16 19 95 54
40 36 17 4 51 57 81 10 4 81 7 73 32 22 59 3 10 24 95 21 58 99 78 39 17 86 63 7 22 74 90 18 47 75 44 20 10 35 27 96 73 34 71 82 18 27 50 62 95 71 5 46 52 31 22 75 59 61 39 7 7 75 45 37 16 94 81
16 11 50 40 55 89 93 27 56 37 69 99 51 62 36 11 84 31 36 81 3 68 94 40 78 85 84 89 56 85 46 70 95 67 66 62 49 29 92 37 56 20 46 90 89 18 89 4 73 24 48 100 91 8 83 91 90 30 46 7 22 74 59 5 50 86 46
37 89 86 68 55 31 80 29 1 60 7 26 50 9 85 2 63 26 95 60 92 70 87 74 60 47 37 34 2 46 20 35 34 6 83 67 45 34 58 57 77 59 27 78 53 97 45 9 83 67 17 38 56 11 55 32 63 70 44 36 68 71 10 89 49 3 96
93 19 18 20 95 11 58 84 25 97 55 59 68 38 64 64 20 65 43 51 17 60 88 81 3 11 95 58 96 46 62 10 70 56 19 4 77 53 54 82 99 11 50 52 82 46 88 44 26 32 97 62 43 37 50 78 6 93 87 99 5 77 72 40 94 66 59
39 48 45 43 53 13 46 87 31 77 68 43 6 47 33 95 27 63 56 13 27 99 62 86 56 89 54 71 17 88 61 8 82 27 72 90 42 76 17 36 97 54 36 70 77 74 71 53 15 44 55 97 74 13 59 8 73 64 75 18 55 17 69 83 90 78 85
50 89 43 93 61 9 66 16 96 22 19 39 34 24 33 33 52 75 77 69 25 29 9 32 67 49 8 72 84 6 2 69 86 4 4 51 25 2 13 40 61 23 39 17 12 24 56 65 87 51 67 19 44 5 64 11 92 11 77 11 58 99 84 33 50 3 93
98 8 93 61 67 70 27 83 51 69 93 12 13 40 28 53 9 67 22 100 58 20 56 77 90 86 17 78 2 50 50 9 28 11 61 59 19 47 27 21 97 82 70 66 98 71 94 51 33 93 35 52 25 34 9 67 35 58 9 32 11 78 9 31 16 51 26
24 22 98 78 21 76 86 49 1 10 3 56 47 85 20 54 33 89 45 34 90 33 49 2 94 61 37 13 50 70 84 23 43 8 75 74 6 87 44 27 22 96 34 74 5 68 66 45 71 20 96 76 56 47 62 93 75 71 90 96 89 60 40 7 95 66 72
88 75 47 5 70 98 48 100 47 17 15 90 82 12 21 63 53 15 45 54 64 55 14 28 12 5 65 26 100 10 66 47 91 79 14 41 1 80 15 3 2 92 15 99 11 37 70 93 90 80 30 7 96 78 12 46 72 97 32 46 79 35 74 63 23 78 33
78 39 34 18 46 7 5 54 75 27 28 11 18 72 95 76 79 8 94 7 2 3 2 38 58 98 18 15 26 49 5 49 88 73 52 66 74 11 75 70 95 100 97 40 78 79 38 98 32 74 99 41 98 88 43 85 65 55 86 17 46 91 31 42 11 72 36
34 81 33 68 50 36 53 88 90 4 96 54 61 22 75 52 16 40 93 40 78 88 24 47 82 94 70 57 79 89 59 64 96 17 84 94 69 70 33 5 4 54 20 62 88 51 37 53 45 42 28 33 1 8 35 7 92 88 71 45 81 48 61 80 40 68 87
68 97 98 26 23 40 97 98 70 20 49 48 55 51 80 59 31 37 18 3 76 77 15 75 22 13 39 59 97 32 55 38 92 36 81 76 23 15 88 100 48 29 3 72 10 61 65 31 70 13 84 97 100 35 52 29 95 99 67 87 2 96 19 19 22 9 22
74 67 54 54 10 88 60 36 18 21 19 65 40 53 90 38 10 100 50 76 3 4 92 33 59 82 50 20 12 56 100 29 75 97 84 51 48 51 11 88 88 34 83 1 48 22 8 46 74 9 91 74 82 73 68 6 42 34 42 25 43 14 71 70 56 79 79
49 2 22 20 11 29 47 53 78 54 36 2 70 54 90 37 34 70 57 97 96 30 12 54 31 63 78 25 91 29 22 41 70 7 38 46 57 4 27 14 53 69 61 87 27 59 27 83 67 56 52 33 31 69 14 90 50 90 90 98 86 1 25 37 60 84 57
60 5 6 39 21 81 67 88 84 50 50 35 20 33 21 62 6 58 79 74 85 94 4 14 48 95 54 33 46 55 96 20 54 57 7 13 58 14 7 98 90 75 61 36 53 71 50 76 19 31 14 95 11 13 9 23 58 43 57 18 28 73 90 2 92 20 16
41 99 23 33 44 14 40 75 94 36 47 53 78 98 54 16 55 32 16 12 44 59 67 85 24 80 4 72 76 87 58 99 71 36 47 65 2 84 58 45 21 32 13 12 81 68 29 30 91 70 37 1 15 10 27 58 18 89 69 4 61 5 64 41 96 88 50
77 52 80 57 18 96 81 81 67 69 25 99 61 20 6 60 32 8 64 36 76 10 52 23 86 97 41 92 6 9 22 90 16 12 46 16 75 15 89 8 31 53 50 39 95 77 55 97 65 30 60 81 8 59 83 59 75 1 70 89 61 84 27 41 30 66 96
24 77 2 92 43 9 15 30 93 33 64 7 78 45 50 79 94 29 70 4 86 87 60 59 97 77 34 3 41 68 64 13 64 97 79 83 8 100 98 50 56 43 96 50 6 14 15 37 80 36 63 27 58 41 13 66 24 81 57 40 11 64 34 31 78 52 96
65 6 51 13 85 2 61 43 47 47 96 55 30 55 24 7 47 16 86 50 37 79 7 55 42 96 77 10 78 9 43 46 45 95 73 85 73 39 90 51 34 89 94 82 57 7 10 57 49 32 6 99 51 78 57 44 38 86 4 10 62 17 49 50 13 43 61
92 32 85 77 40 48 59 79 25 40 64 41 83 39 76 14 56 5 5 18 5 52 71 31 15 21 67 39 7 17 16 77 70 83 34 40 47 39 59 20 31 38 54 42 12 70 4 66 60 66 11 63 72 76 68 80 97 57 41 93 9 70 42 6 55 29 72
7 85 73 67 7 22 35 70 89 35 88 84 92 52 91 18 76 100 57 24 60 35 74 22 59 94 27 10 26 84 7 89 83 8 10 4 29 2 38 13 65 73 30 19 70 39 39 36 92 87 8 51 74 45 3 41 8 45 64 89 17 62 27 65 82 34 7
47 24 48 7 73 90 71 44 87 18 71 11 42 34 81 34 6 54 25 83 33 55 32 82 58 49 54 40 19 34 5 67 1 15 5 57 57 27 67 35 34 95 8 15 30 87 23 74 98 76 46 8 82 40 4 96 61 27 27 51 37 3 12 48 67 21 39
81 71 32 54 91 53 10 75 84 93 94 94 12 90 56 34 88 54 75 87 82 37 52 79 73 93 34 71 97 57 73 73 32 80 11 20 63 95 80 60 53 8 80 77 12 44 4 52 59 96 46 26 39 80 56 38 97 97 79 42 70 84 75 52 71 50 27
11 20 15 42 10 38 67 44 28 81 12 46 76 5 90 69 12 17 92 52 97 2 99 17 4 79 59 12 18 86 39 5 61 85 24 25 72 94 50 25 77 18 64 7 19 39 34 59 61 42 44 66 100 80 66 54 89 79 41 63 84 75 62 81 68 10 72
73 65 43 23 62 38 45 37 17 40 36 81 67 23 34 40 99 33 82 60 22 6 71 36 41 81 88 14 83 8 6 21 57 50 58 3 24 39 76 15 49 2 72 76 8 65 58 98 8 27 69 63 81 96 41 55 40 83 22 40 84 50 69 82 90 73 43
24 9 43 63 65 14 11 31 81 72 38 9 18 57 23 53 30 78 55 43 89 88 27 75 30 6 82 41 31 57 23 10 69 24 58 25 37 7 9 35 56 48 79 1 6 95 49 48 97 8 36 75 52 48 91 22 35 69 63 19 82 48 85 32 95 89 64
80 4 45 34 75 34 31 32 45 93 26 98 59 99 65 84 58 98 59 33 84 9 22 40 78 34 90 60 7 88 96 15 57 20 36 20 81 56 10 71 2 41 64 48 5 5 98 25 79 72 26 16 41 97 96 65 76 73 92 16 23 9 77 3 90 62 31
31 2 95 95 57 98 20 81 32 57 97 9 53 84 52 4 95 44 82 49 48 10 79 53 29 26 90 84 50 84 10 77 12 19 79 37 32 82 32 94 50 58 8 64 69 82 85 28 52 21 98 43 33 50 70 59 78 7 92 30 27 84 37 55 18 41 49
48 12 80 1 16 33 76 38 40 1 37 51 82 81 14 29 37 33 53 35 83 26 12 42 13 57 18 88 99 85 85 73 22 42 95 89 62 33 18 11 53 76 59 27 91 52 9 88 56 64 28 79 5 27 32 90 36 12 48 66 52 55 35 55 2 98 7
83 85 81 63 10 98 28 21 61 28 58 53 76 26 71 65 39 53 85 85 3 38 57 76 49 2 28 8 9 10 86 26 94 1 29 55 62 79 31 46 5 31 19 56 41 26 67 17 15 7 79 94 25 78 95 80 21 6 68 65 21 24 78 8 96 39 61
83 53 93 46 26 37 73 77 58 66 78 7 29 79 67 78 31 22 100 59 21 5 34 24 34 34 45 48 3 43 94 84 35 90 94 100 70 22 97 15 74 59 34 99 17 49 34 26 39 48 78 98 46 36 82 6 23 38 99 94 65 27 15 4 28 21 7
60 30 26 27 76 18 41 20 68 9 55 74 29 59 37 67 83 23 18 19 27 7 30 83 97 36 36 58 5 78 20 44 96 53 47 56 7 1 17 41 50 83 61 32 67 23 93 11 13 100 18 19 17 83 47 75 56 42 40 50 58 95 2 68 53 51 62
44 57 24 78 73 19 7 97 78 63 17 6 89 5 60 75 78 3 41 54 88 100 58 13 41 52 78 57 96 57 100 81 16 2 72 23 62 98 82 22 18 7 93 33 58 86 22 51 12 11 21 33 77 58 100 18 51 23 74 100 95 69 37 16 77 37 50
43 84 96 32 69 26 44 12 9 2 2 31 97 69 83 82 70 57 50 57 84 48 37 76 86 52 25 43 1 17 69 17 10 47 35 7 89 87 81 35 26 63 64 26 11 89 22 49 1 95 21 1 32 49 16 44 8 4 48 1 61 81 46 23 17 22 36
93 7 2 46 73 46 47 30 87 84 75 81 29 99 11 35 51 78 29 1 52 64 32 6 57 18 63 39 99 42 9 22 98 83 26 8 99 23 92 30 3 77 16 44 45 52 88 48 6 63 73 29 98 81 85 3 6 75 60 62 4 51 50 83 40 83 23
59 65 93 32 9 53 52 7 4 89 97 97 45 77 89 84 82 54 81 77 26 88 84 46 86 64 69 16 33 31 89 15 63 38 50 75 69 38 27 18 1 96 71 34 96 62 32 61 37 50 21 58 74 69 74 49 78 4 30 81 43 68 54 57 66 87 89
55 44 42 72 60 36 36 83 40 95 61 76 73 30 85 38 2 59 47 70 55 91 86 66 81 35 16 9 99 52 43 1 41 49 92 18 71 95 67 87 29 18 78 27 60 65 52 25 44 56 97 10 13 89 38 13 84 31 90 89 60 27 21 75 28 72 83
17 48 23 57 85 64 50 74 88 45 2 65 44 52 11 87 18 73 81 42 54 92 96 13 54 27 32 80 44 48 70 49 43 20 59 37 28 95 20 51 96 83 38 16 47 41 45 29 86 22 61 30 76 55 8 40 41 44 68 59 15 97 81 64 81 82 4
92 97 46 45 72 1 58 74 58 61 60 55 15 16 79 49 57 27 34 92 8 9 30 100 83 26 77 50 91 14 75 34 14 53 60 61 41 66 80 94 35 15 66 82 80 87 71 64 45 12 50 77 47 12 52 33 3 47 6 63 3 82 16 93 100 40 17
57 39 32 14 74 71 79 27 65 30 42 36 59 35 76 99 57 81 17 6 9 71 58 52 7 53 59 16 41 50 6 71 9 9 11 5 76 90 77 45 49 46 59 9 2 93 48 83 98 67 24 12 30 26 100 49 16 39 49 60 25 6 91 49 73 18 72
3 77 79 56 29 69 28 2 91 93 37 82 83 73 6 52 35 28 27 33 99 74 20 34 40 47 88 46 85 27 97 54 62 60 24 9 86 50 1 88 44 9 3 76 83 48 62 25 12 99 92 81 40 29 42 86 57 36 23 50 41 12 29 92 26 42 24
89 50 22 54 15 32 78 17 95 23 49 80 14 19 9 46 93 76 63 8 88 30 96 61 1 15 22 38 74 80 25 82 41 18 53 54 70 72 57 37 80 46 20 11 43 100 62 9 79 51 81 44 78 31 42 51 12 33 44 64 75 11 47 85 16 62 38
35 36 24 74 82 31 49 9 42 17 65 32 60 9 34 32 89 84 49 82 12 32 8 46 56 96 82 16 86 23 56 31 82 14 65 44 77 24 75 29 55 94 51 2 69 81 70 59 38 37 59 74 45 53 38 100 94 72 9 44 68 7 48 12 11 69 61
10 59 13 43 69 20 97 45 50 98 93 2 61 86 36 25 10 40 37 68 88 17 52 44 16 99 23 54 33 74 72 42 42 86 80 35 80 72 44 76 52 65 12 78 58 28 16 99 19 33 88 46 33 75 9 48 85 93 98 8 91 100 38 69 58 39 99
82 66 1 80 22 17 7 100 19 93 76 21 86 83 44 37 65 11 57 79 82 24 86 81 1 98 98 92 80 67 98 51 11 32 23 56 64 57 52 83 88 5 85 19 55 32 18 25 77 85 52 7 13 94 64 92 81 25 9 4 88 14 73 50 70 31 94
79 10 2 93 87 7 40 22 47 64 9 74 20 44 70 29 67 22 40 75 72 82 55 8 2 24 74 77 72 94 72 1 14 15 73 90 46 28 99 56 79 77 95 86 38 41 54 4 88 16 97 2 39 79 33 7 95 69 33 73 11 76 7 14 4 92 36
85 95 49 21 22 71 91 96 90 6 39 2 79 22 77 31 25 69 27 68 27 57 31 41 59 1 98 89 83 13 63 45 75 12 74 69 31 85 35 75 11 63 19 92 78 47 40 27 50 78 16 90 85 29 66 33 47 95 32 66 3 72 74 9 56 58 91
