75 68
2 2 1 1 1 2 1 1 1 1 1 2 1 1 1 1 1 1 1 1 1 1 1 1 1 1 1 1 2 1 1 1 1 1 1 1 1 1 1 2 1 1 1 1 1 1 2 1 1 1 1 1 1 1 1 1 1 1 1 1 1 1 1 1 1 1 1 1
69 67 74 23 36 29 66 36 36 65 25 39 50 10 71 78 57 85 8 11 76 4 10 28 57 12 92 50 78 81 96 91 51 90 1 68 16 48 40 38 43 4 80 67 67 33 90 38 30 20 62 69 41 87 39 2 44 96 74 29 47 41 92 89 37 21 32 82
42 15 69 18 42 76 51 57 46 59 62 18 94 72 83 39 85 60 34 98 14 76 98 85 29 47 17 32 26 88 30 91 8 72 3 48 56 27 60 95 68 78 86 18 91 42 51 9 58 72 32 60 62 30 84 100 97 27 26 43 48 79 4 16 91 96 15 14
15 33 13 81 22 57 42 47 41 86 98 37 14 51 90 95 2 83 21 64 62 81 2 99 88 32 42 80 17 98 95 95 15 61 89 8 66 86 50 64 91 82 43 75 65 2 81 95 10 63 53 68 21 49 82 49 18 18 56 67 37 12 42 58 23 10 93 74
96 29 69 10 77 4 87 82 52 24 34 1 54 9 14 21 85 87 65 93 68 3 98 4 52 13 3 54 61 86 3 54 55 95 100 86 78 7 94 16 22 40 58 2 82 95 26 93 95 54 74 35 100 60 15 30 3 22 15 48 35 55 39 50 53 71 67 15
95 9 67 79 25 76 62 21 92 21 96 20 61 42 96 90 63 38 74 60 41 44 48 56 83 59 100 98 45 9 21 14 58 29 14 67 66 62 81 73 49 25 91 12 81 66 6 89 83 74 38 38 73 81 15 10 88 45 22 46 94 57 71 56 58 26 89 32
84 3 69 1 40 89 22 22 43 7 7 30 87 96 88 25 91 13 55 95 86 93 2 99 82 8 9 34 83 78 4 15 57 72 22 80 9 67 12 22 51 42 5 62 98 8 15 39 1 80 8 24 76 35 30 57 36 99 56 68 61 54 76 29 97 32 70 44
53 93 7 33 43 2 53 89 21 12 47 59 11 36 38 85 21 1 44 72 52 12 7 88 95 68 33 43 34 46 20 13 59 10 48 2 93 92 51 24 44 20 63 5 6 55 35 8 24 91 25 21 91 20 7 16 67 18 6 46 86 89 60 78 3 83 58 58
16 16 92 68 19 15 73 6 83 14 72 68 60 75 4 74 12 19 21 73 95 98 10 84 79 86 20 12 36 31 56 88 99 3 17 94 93 87 96 75 3 58 46 53 41 68 93 77 64 98 77 84 18 26 2 49 30 86 65 97 51 1 39 91 66 51 18 19
69 64 98 66 30 84 28 43 53 10 66 15 71 4 79 87 8 96 40 21 100 26 97 86 8 21 13 43 67 81 72 12 41 82 80 25 85 49 91 95 17 27 84 36 13 70 40 26 55 64 28 27 43 81 54 42 97 78 39 70 26 26 99 35 40 95 56 37
92 98 75 72 5 91 82 58 31 82 46 13 15 53 7 67 87 81 19 26 68 69 20 54 80 31 50 89 63 39 93 18 98 7 65 6 44 78 12 63 2 44 76 23 15 28 14 43 13 80 85 20 37 63 8 9 57 18 28 18 76 70 32 23 3 67 23 98
15 16 69 78 36 61 25 39 91 39 96 47 85 7 5 66 63 15 71 100 16 69 3 19 88 6 32 61 7 43 14 39 47 39 89 51 47 21 94 28 62 72 1 87 27 44 99 82 18 33 47 83 50 19 26 39 84 43 49 73 71 41 50 14 37 98 10 10
32 34 63 84 35 64 57 93 28 79 92 88 42 83 8 85 72 36 96 56 71 42 36 32 66 83 39 96 91 8 27 19 73 59 78 75 27 35 96 98 65 91 30 13 65 18 33 39 77 72 95 95 38 37 46 62 93 2 35 26 60 17 16 96 5 14 37 11
68 29 97 69 33 93 29 64 39 73 35 99 77 79 98 51 85 41 37 57 79 27 5 91 16 57 53 78 85 16 94 52 21 100 97 45 62 17 42 98 48 48 22 56 87 30 22 92 95 51 70 15 74 38 37 85 57 65 15 93 96 29 13 36 62 88 23 14
53 2 20 8 55 11 3 43 12 93 36 68 95 92 68 97 13 72 71 68 10 72 37 37 10 42 33 24 31 39 61 56 11 93 26 29 27 70 9 55 86 54 78 85 25 78 95 88 85 14 76 6 23 61 92 27 8 40 23 93 48 47 99 94 55 32 70 75
41 56 6 52 60 99 67 57 9 7 27 66 44 15 42 77 85 65 58 6 75 46 63 9 10 59 36 19 42 80 7 9 50 10 63 69 13 27 36 50 84 11 89 97 15 40 47 8 29 82 99 87 96 86 51 16 5 56 25 46 95 88 55 59 80 77 18 48
75 88 96 65 58 36 98 45 79 64 64 85 74 54 18 5 84 18 56 93 83 64 40 52 98 87 39 26 77 47 35 86 92 86 22 8 97 39 50 26 71 35 98 54 86 15 17 53 80 64 59 54 66 65 20 18 41 76 76 24 78 54 6 87 26 21 7 95
10 61 9 15 6 37 13 8 94 78 96 9 76 61 98 34 17 5 54 86 36 6 82 94 3 38 44 64 77 43 24 100 73 47 71 33 45 85 54 27 58 71 51 26 56 58 25 13 95 86 41 78 15 92 54 87 37 73 81 66 74 95 48 84 38 28 57 1
17 83 91 34 15 17 33 42 36 7 6 57 96 12 94 48 85 70 43 47 31 15 21 18 92 2 3 11 62 21 67 66 37 93 61 21 30 20 39 37 31 81 16 73 30 74 1 11 89 70 92 58 30 84 8 96 31 11 76 89 25 40 75 76 51 77 80 89
89 25 81 22 50 9 45 61 44 25 38 21 37 90 9 96 67 12 24 6 54 60 59 77 93 95 19 12 93 93 23 3 28 26 16 46 2 11 47 78 82 97 29 53 13 76 42 83 88 96 83 22 80 61 13 33 85 85 51 78 21 71 81 9 68 12 100 93
92 80 68 91 34 11 81 32 65 5 82 20 100 71 46 7 69 52 51 20 87 19 36 94 77 93 100 99 83 32 71 93 13 88 52 41 7 40 64 75 12 74 47 78 11 2 34 48 15 75 15 64 12 51 35 37 50 40 53 3 55 3 5 25 51 11 69 35
55 79 65 49 40 24 59 69 99 27 8 20 82 17 22 86 22 32 89 89 72 57 38 87 76 30 58 52 36 23 73 22 26 13 1 7 13 50 23 8 74 28 5 97 14 24 89 2 2 13 49 89 33 17 77 24 78 83 83 98 54 69 70 97 99 23 33 60
47 41 73 38 42 29 41 44 23 50 71 5 13 48 33 82 73 23 95 25 41 89 90 56 85 73 4 86 58 37 29 61 47 24 51 39 36 39 18 1 8 15 55 29 11 41 25 35 94 62 88 96 69 69 83 95 12 61 43 17 42 77 68 73 42 80 64 8
80 37 81 97 50 38 58 80 24 53 86 43 45 90 75 94 99 67 47 78 70 88 63 76 69 12 33 89 46 86 11 77 56 65 54 50 8 46 81 92 61 99 35 7 79 48 11 63 12 30 93 23 86 26 30 56 17 71 69 55 9 56 53 33 31 91 43 53
32 58 38 24 38 40 67 41 15 79 6 67 95 57 39 81 52 67 63 52 83 94 62 2 43 51 32 49 56 11 83 51 44 11 32 40 43 13 35 94 91 11 53 32 50 30 84 17 9 47 99 74 98 62 52 57 79 70 16 37 81 75 17 38 22 50 89 82
98 96 5 72 97 37 36 80 90 52 85 15 3 52 32 33 44 81 90 76 14 20 75 83 8 45 86 19 69 98 15 20 47 63 51 66 61 4 95 58 44 97 38 80 29 64 89 83 17 81 30 15 46 45 50 66 86 9 7 99 71 94 89 67 93 21 1 27
46 90 86 9 20 21 96 52 82 53 22 20 70 88 29 22 23 65 65 28 92 71 28 68 51 38 92 18 62 55 80 45 53 58 79 86 89 5 84 62 83 51 70 54 42 84 25 37 83 85 96 62 71 25 34 61 98 81 14 36 79 37 50 22 27 89 44 48
37 69 49 2 56 69 4 96 7 47 27 83 48 4 59 67 75 29 88 54 81 35 45 53 30 18 33 52 50 81 82 75 95 53 9 13 40 16 66 30 55 70 74 54 55 94 87 49 32 70 32 17 62 60 13 51 78 19 21 68 10 37 41 46 29 98 76 71
90 96 33 59 35 4 52 61 3 67 80 26 4 50 40 7 88 21 74 56 75 92 59 2 53 73 51 83 30 64 34 47 75 6 24 9 16 15 12 77 29 18 11 5 76 8 97 8 42 46 91 91 36 91 20 86 92 29 49 12 87 77 87 57 78 1 60 90
98 2 37 77 54 78 15 47 81 61 36 21 72 65 90 23 53 64 22 63 50 27 10 79 48 97 39 5 81 40 56 15 65 6 54 97 1 68 89 91 19 65 46 79 7 77 28 49 18 89 13 96 38 61 53 14 33 70 32 27 68 9 100 43 55 71 92 23
29 97 32 30 72 8 99 45 34 23 16 16 19 52 61 62 30 62 89 25 3 92 26 36 54 25 32 2 11 16 76 90 29 91 41 17 20 53 63 50 32 97 39 69 87 15 73 64 21 12 98 64 40 21 7 94 13 83 50 85 51 49 6 79 78 54 96 90
41 46 40 80 2 56 56 40 33 28 59 25 78 13 40 80 36 80 1 38 97 96 93 4 62 71 97 51 20 24 35 29 92 58 18 31 51 79 38 94 86 46 56 7 32 34 11 59 4 32 63 93 35 74 76 93 50 76 10 52 75 30 4 60 78 65 78 1
76 89 35 97 87 77 54 7 60 31 13 12 87 46 97 82 55 53 68 54 39 91 28 43 46 39 30 47 23 39 16 54 10 53 91 60 71 43 40 6 23 19 88 54 23 63 14 57 42 97 80 15 50 47 44 1 31 21 70 78 83 11 24 45 43 48 48 82
23 79 4 31 81 68 82 80 93 19 99 6 66 21 61 46 35 96 73 74 78 52 57 6 88 22 2 96 31 59 51 16 79 37 99 19 5 76 15 85 43 100 73 33 56 52 55 6 95 2 63 29 20 2 34 44 48 29 22 95 27 29 41 55 40 19 85 76
82 59 3 76 8 90 24 4 56 80 48 43 84 55 82 88 7 40 78 91 57 62 31 44 44 61 3 31 20 87 22 36 64 80 82 62 58 3 94 94 22 33 24 86 29 78 32 97 62 39 80 9 82 61 89 51 90 60 59 85 70 100 46 81 57 95 11 13
19 71 41 32 92 69 53 17 80 5 76 56 20 19 70 29 6 11 98 51 7 94 23 84 51 58 4 51 59 29 45 18 14 14 7 74 72 70 73 66 21 80 23 2 4 41 81 15 46 65 6 85 5 28 99 47 20 7 60 84 49 71 47 43 26 88 6 49
23 55 33 77 15 39 56 10 40 53 89 48 100 77 89 51 15 61 37 100 48 74 99 26 72 36 66 26 72 5 23 9 48 20 48 62 3 28 26 84 67 38 47 79 20 7 69 63 90 32 48 23 52 99 18 34 81 90 9 55 3 17 18 13 70 71 78 96
69 92 83 14 23 15 72 2 78 75 75 12 48 28 69 11 38 65 37 84 96 95 46 43 79 30 94 38 3 53 69 47 88 37 3 19 5 99 1 97 46 62 58 9 45 90 39 1 1 53 91 4 19 59 32 79 51 12 5 9 94 14 78 57 8 19 5 5
81 98 58 75 46 35 97 22 2 61 23 91 97 64 47 47 71 14 58 69 84 11 46 34 54 82 41 53 49 97 7 70 75 62 55 45 53 41 62 41 86 25 14 41 46 36 46 45 53 4 20 1 9 61 85 80 85 53 50 20 76 50 97 86 65 2 74 83
90 53 59 17 52 15 80 44 48 55 14 74 92 95 46 54 60 5 36 73 60 35 54 10 18 99 25 67 87 100 2 82 43 96 35 70 25 35 63 3 16 21 43 22 50 86 99 26 43 82 73 38 25 55 28 5 28 85 82 88 34 68 63 10 22 68 36 17
47 78 8 61 21 99 52 60 57 63 89 12 88 70 35 93 72 72 59 77 22 8 44 22 27 81 25 38 33 80 54 18 42 48 54 94 50 50 1 25 82 74 48 21 86 41 27 69 59 15 9 88 26 52 27 30 2 33 21 90 37 39 30 72 87 71 93 13
87 83 28 96 52 84 68 46 99 70 61 18 15 64 38 18 62 48 63 89 1 44 55 97 68 3 53 48 32 18 75 65 65 45 86 42 4 21 99 12 73 6 62 17 100 97 6 63 91 87 18 22 33 77 98 11 64 37 24 33 21 4 12 50 62 8 59 45
44 24 83 15 17 70 84 34 89 93 2 5 16 10 66 20 84 47 30 32 51 75 62 89 74 13 71 16 98 87 89 1 82 94 60 33 1 79 68 21 16 38 82 81 96 56 47 23 4 37 51 84 38 47 100 5 22 48 40 59 67 63 23 63 14 85 28 55
59 75 100 87 11 74 19 66 73 31 8 15 33 13 12 34 89 80 52 42 89 44 72 88 8 97 66 52 14 38 12 59 79 24 24 28 34 51 25 79 43 64 94 22 23 41 56 53 39 4 10 89 8 79 20 18 48 15 96 20 91 20 95 5 35 59 87 65
52 10 33 4 81 38 86 49 98 95 61 30 35 31 96 42 72 30 29 48 8 69 22 4 2 17 72 95 23 22 95 97 29 45 75 34 94 69 23 72 95 59 17 59 14 84 50 2 70 36 33 53 47 81 21 2 26 78 47 36 73 78 96 27 87 86 32 56
43 16 47 61 6 13 64 2 39 29 90 9 44 82 46 74 42 46 61 17 38 11 60 76 43 86 49 89 17 12 13 25 16 62 49 55 47 36 45 36 23 19 93 5 71 92 16 66 11 89 47 80 98 51 63 19 91 66 58 16 65 62 49 46 82 21 15 28
52 46 37 39 52 51 16 98 56 100 46 37 98 21 55 49 100 27 3 65 39 22 12 94 71 11 69 74 13 45 85 70 9 41 67 20 9 100 14 67 45 97 24 44 77 58 45 50 38 54 82 95 77 42 22 64 69 84 98 94 42 19 53 32 31 59 93 63
76 57 56 5 49 40 6 6 47 77 50 27 79 54 3 51 64 8 69 11 47 63 48 43 31 39 73 96 19 5 5 13 84 66 32 45 18 63 97 55 42 14 59 21 49 74 1 35 81 70 49 18 23 41 82 82 68 58 46 56 16 69 45 62 5 69 58 45
8 84 42 12 99 33 93 8 24 4 81 3 84 50 83 21 4 72 89 1 76 68 84 33 89 83 4 85 63 20 99 49 83 4 49 93 25 41 61 86 30 56 39 56 50 27 83 72 84 28 22 55 79 28 41 17 72 100 68 50 83 51 2 81 51 71 23 61
60 77 45 4 25 81 62 98 41 98 16 59 18 94 57 43 42 40 14 5 66 69 53 41 23 40 83 14 98 74 78 96 28 52 79 14 68 75 37 16 41 90 57 21 49 49 19 61 31 5 5 28 73 90 78 78 26 72 41 18 7 25 9 52 75 7 69 61
72 7 18 22 70 30 80 66 45 10 28 36 11 7 28 87 68 44 79 60 98 48 19 29 27 32 10 64 79 42 55 41 39 42 31 15 45 43 56 68 28 65 68 31 78 71 29 49 36 32 46 86 3 14 3 94 58 5 64 27 51 57 76 52 14 22 82 32
45 62 62 70 18 21 80 56 65 78 25 33 61 51 2 78 20 14 39 6 27 5 99 30 64 81 75 30 37 18 26 25 90 94 69 5 91 95 52 79 67 85 81 72 54 53 20 94 23 80 42 22 13 68 3 45 74 41 47 79 90 14 12 70 70 5 5 19
96 57 69 75 55 92 63 85 42 77 100 97 17 65 70 39 13 73 78 66 2 61 36 37 18 72 44 29 30 95 61 68 86 90 15 63 59 84 82 82 29 48 31 4 27 65 37 9 94 80 11 23 85 51 32 11 68 70 44 14 10 25 82 2 90 12 13 54
56 2 13 27 35 33 68 57 58 4 20 43 7 52 36 26 32 88 83 41 21 100 1 56 71 30 9 93 72 42 42 15 53 16 78 54 11 2 86 16 46 1 25 95 19 46 100 12 52 19 29 21 3 65 46 14 19 64 40 12 90 78 20 66 29 6 71 55
68 6 24 24 84 56 57 76 63 86 58 63 39 24 79 58 76 72 30 68 76 72 67 92 80 40 27 6 100 77 60 8 7 46 45 98 2 75 8 47 81 28 72 86 32 48 100 55 30 33 41 44 18 84 59 46 2 55 22 79 90 80 49 33 42 16 78 77
70 31 29 75 49 71 96 19 78 20 39 17 63 36 7 20 98 69 79 66 63 36 48 49 2 10 29 2 86 64 51 93 45 73 65 54 20 38 49 94 24 57 89 33 84 76 30 30 32 67 73 38 45 100 50 63 15 55 24 77 62 52 72 14 64 90 53 21
98 95 24 77 99 39 71 6 89 39 23 31 42 87 22 7 55 62 62 13 62 57 9 16 76 57 2 43 60 20 88 73 34 85 100 74 16 23 27 50 62 85 98 83 64 9 10 69 39 69 86 19 16 53 90 47 36 44 25 19 51 56 68 28 99 49 15 99
92 86 90 8 88 31 58 98 20 33 71 88 57 3 92 98 52 86 65 48 91 38 8 86 24 63 98 51 47 27 60 66 64 75 18 99 82 86 63 71 14 42 3 36 24 89 58 41 33 60 31 11 78 11 20 91 40 62 75 83 85 63 58 64 62 91 29 63
89 13 88 94 71 41 6 24 86 60 20 26 33 70 90 38 41 60 74 19 64 66 54 52 28 76 95 81 23 51 89 37 31 64 67 17 82 93 32 69 1 2 95 53 4 27 100 28 63 23 61 19 28 53 43 33 87 87 46 84 83 30 13 1 78 1 25 9
18 91 55 62 67 93 22 45 42 34 41 25 45 69 58 75 92 16 85 29 7 23 90 47 79 34 11 84 80 24 94 97 29 12 94 27 33 85 29 44 6 54 34 60 15 89 8 88 53 99 19 16 9 81 28 45 3 47 34 7 39 47 15 34 91 51 20 80
43 57 19 29 59 73 7 18 21 81 12 46 35 67 3 17 79 76 36 27 42 1 46 49 9 85 33 84 54 45 27 79 66 78 31 84 3 48 58 56 73 45 2 12 30 84 43 99 5 58 2 14 30 96 54 35 25 73 63 5 39 20 46 58 63 72 68 45
66 13 99 87 30 20 40 68 44 50 87 83 61 5 78 63 69 8 72 28 76 52 18 2 4 54 20 12 69 6 14 45 71 83 26 94 48 28 12 89 14 84 25 93 60 70 29 15 61 85 54 61 69 44 9 46 58 99 77 68 11 91 24 6 21 33 31 100
47 77 93 92 82 65 98 43 85 95 24 30 61 24 74 77 49 11 99 67 5 34 28 58 1 90 71 24 19 84 71 70 16 62 34 95 58 82 80 64 94 8 19 24 61 78 52 77 87 9 59 54 9 96 53 58 58 19 87 54 78 60 56 83 35 61 33 76
58 33 53 92 89 65 67 4 36 99 100 1 12 63 52 84 97 65 86 3 55 70 26 29 6 80 99 44 43 20 6 49 63 82 37 2 62 73 35 13 17 27 22 16 72 45 32 6 53 23 55 60 22 87 100 72 49 13 73 30 54 32 32 6 94 85 88 93
15 6 96 23 42 5 28 30 41 98 23 12 35 30 64 21 65 49 29 35 52 75 92 33 88 55 100 89 20 88 82 30 80 18 69 98 93 64 94 72 79 4 41 87 44 1 31 42 71 37 4 33 96 17 11 82 32 23 8 91 44 84 19 16 58 90 66 60
69 19 91 52 38 75 96 18 37 94 52 100 71 7 27 84 64 2 99 56 68 33 88 56 61 39 25 78 47 81 67 22 30 100 71 56 60 69 34 52 27 60 98 40 37 24 67 24 21 59 42 67 82 60 51 35 89 54 74 15 84 70 64 27 54 25 63 41
88 10 15 80 10 100 86 79 30 95 99 23 43 49 83 53 51 37 42 72 71 12 52 96 46 66 58 78 95 6 84 100 30 100 54 15 50 75 84 51 99 47 63 80 33 82 83 45 76 100 73 28 82 51 72 65 94 25 72 54 33 48 61 83 71 82 15 44
58 43 56 12 95 10 22 31 80 11 5 99 45 58 5 41 79 75 78 48 82 34 94 18 50 18 41 39 1 43 54 32 53 53 90 65 97 14 1 18 49 33 11 64 60 7 86 92 55 46 36 6 18 74 44 8 90 30 18 15 59 74 79 5 5 73 61 72
54 11 60 84 83 82 69 66 38 56 73 11 54 60 27 66 35 95 67 52 5 21 73 92 12 37 81 36 45 4 63 77 98 35 25 40 82 98 69 34 46 84 35 5 55 61 97 83 52 44 89 70 82 72 49 61 48 56 50 71 57 58 79 41 74 65 64 18
65 63 18 84 9 31 75 13 65 96 51 41 75 22 3 75 21 48 12 76 56 33 71 8 74 38 100 26 4 76 93 63 5 90 77 78 2 14 76 39 59 75 38 50 99 71 60 39 88 63 82 19 54 88 35 66 71 61 29 35 77 88 31 34 33 31 7 98
40 93 46 68 55 86 36 36 62 39 72 70 92 86 49 55 94 89 37 24 64 60 99 42 98 26 83 19 35 12 54 77 99 59 39 32 17 12 8 11 10 52 50 56 20 45 74 31 100 16 67 81 40 25 67 46 35 24 43 95 19 82 33 40 47 79 44 3
39 56 29 87 26 63 8 74 30 24 40 83 1 100 81 30 30 73 39 49 27 75 38 59 90 9 67 70 76 8 15 76 20 41 43 46 14 84 80 77 2 62 8 1 93 60 82 58 62 90 78 48 73 91 91 33 59 87 33 63 78 91 47 18 12 16 75 9
93 26 26 80 4 21 59 38 90 93 55 83 45 48 90 91 100 64 51 6 48 25 25 72 5 55 55 53 90 86 68 38 6 7 44 11 61 1 4 19 62 27 14 82 11 58 21 30 94 23 94 74 51 72 51 98 30 75 89 24 73 23 88 26 44 21 4 86
19 10 77 46 65 56 8 74 43 71 75 94 94 34 25 43 37 71 23 34 47 89 90 76 14 3 4 94 33 45 35 44 1 19 36 54 55 87 28 67 50 22 81 58 52 65 92 18 37 3 9 77 77 27 12 80 4 9 44 11 50 83 61 44 43 18 69 94
26 42 57 94 21 20 96 6 17 95 86 56 36 37 37 62 93 91 18 15 30 54 100 10 20 7 63 40 66 77 62 67 13 2 22 74 46 35 6 6 89 18 44 47 33 89 94 65 74 92 8 16 43 56 78 27 11 62 36 67 93 66 14 57 73 94 16 88
66 64 7 66 24 30 81 20 37 68 51 100 40 84 89 83 75 13 18 75 3 49 82 13 6 18 65 42 63 45 9 74 84 11 83 75 38 36 67 83 10 24 86 98 53 10 63 15 87 53 81 53 66 82 77 88 13 72 20 60 12 47 73 68 22 35 97 48
