58 1662 42 34 3
32 2 690257918
37 35 413735308
35 51 245108026
5 45 717923257
32 47 622271982
18 0 -625173718
38 31 408203177
46 56 59757858
36 8 72201516
21 55 482313521
53 4 408733791
10 48 979905689
35 13 857299298
39 24 865015303
19 23 486498836
10 12 423468790
6 11 113346635
29 57 241809935
22 37 720931720
35 7 180046115
32 25 37709662
20 41 440934170
51 15 221860006
9 38 767054959
48 24 -510930411
40 12 778467308
48 23 59137009
31 48 541611712
17 50 461045069
5 13 267499883
28 0 826693839
0 24 550854193
20 24 813372904
5 49 167453763
5 2 73933759
41 38 643350220
2 13 194881678
33 35 779515986
12 15 216190843
20 30 860969957
31 13 466905486
3 38 588481346
54 13 434316145
8 9 50444691
51 50 -478867197
3 41 993436550
42 6 856305586
20 21 523692981
40 22 227349051
7 18 52138675
51 6 497900383
22 10 786258350
19 15 242732759
45 35 137288026
41 6 942030032
9 47 804768084
31 56 928634967
49 15 63711458
49 2 123856796
15 46 281456050
54 30 239809059
47 46 808137300
13 22 182536870
52 51 366827691
20 7 965619977
4 2 628155689
14 44 617698788
56 48 921299335
31 4 238352423
21 10 739693109
8 29 9982553
39 2 340831640
22 49 710581767
19 22 680128621
7 5 185703741
55 44 76301562
2 21 -622494300
14 39 439557043
49 45 965224503
30 37 801074013
0 34 613595427
12 54 360649521
18 26 500475752
22 5 660998445
16 20 711018723
8 56 893032585
11 7 938372473
28 18 649145662
7 27 209792793
46 42 264115230
30 40 798357774
39 48 287790996
49 29 774939733
35 5 880386777
20 47 525009397
43 32 488599833
24 26 844952765
26 4 965781484
48 45 841840089
42 15 107493356
31 15 218366731
43 48 459767525
7 3 155314654
57 42 478769166
2 3 -251854208
11 2 987573603
28 43 227455008
38 39 68223956
19 41 467175957
4 41 756418853
48 50 246318705
17 45 354491607
35 24 448814499
40 29 174328575
10 54 792621375
51 2 36199537
33 40 894181739
44 53 90486483
56 35 736451528
47 54 601128843
23 35 926489085
17 47 689793856
38 51 425547205
20 48 668000497
16 30 94335277
40 52 101522821
7 12 328648178
9 33 549319280
24 37 697619204
30 47 510196225
9 50 914041019
20 8 70707073
31 10 444308254
12 14 976023036
44 22 518825345
49 51 480851217
43 37 318639788
26 39 907385689
29 31 198600359
34 16 749396974
50 37 283779809
20 37 -187550453
46 50 141923860
45 43 828394153
37 1 560157868
47 19 851810565
21 8 349728493
52 14 324378038
37 0 193315098
16 12 927122769
20 28 95829073
4 39 193516180
29 54 15486456
32 55 734784342
16 29 585749089
1 12 349142404
17 53 788009602
54 22 707860921
37 25 135347579
30 2 848323650
19 6 313788815
38 26 452651818
55 52 245616918
17 15 124196626
5 32 474779114
51 33 460813348
20 2 768104105
22 44 883532665
16 15 516244629
49 10 920723426
34 7 780199421
50 16 88548361
21 29 610415131
42 45 614784920
8 0 576515701
0 3 590626264
9 2 995286114
37 34 609941646
46 31 977745479
30 46 538988428
3 26 946635304
1 28 890910901
12 41 819183631
4 40 625049533
29 24 39566195
57 26 449417240
0 42 111832985
3 25 854752922
38 16 383574637
54 19 42364894
33 10 36843771
40 17 199813497
29 38 920323940
52 54 413156670
38 3 540293087
54 24 867054455
56 55 469855235
12 39 229242934
25 7 139692930
22 47 716200497
35 17 410719391
14 43 351949476
34 39 273634558
32 41 923755707
22 43 950239844
22 11 394350748
9 22 224786713
18 9 434710117
25 32 306429422
7 35 795293899
40 6 188502240
0 53 103835228
15 34 923767681
37 51 256672047
12 46 96872055
54 11 394080247
14 1 223349288
38 12 963247510
47 13 426136406
48 8 39124159
18 50 6711469
55 16 836255863
17 4 808566172
56 5 884894879
23 30 379627763
33 55 125988308
4 42 700904802
52 38 922144241
28 25 376289722
45 53 949268064
0 48 383468363
11 47 722771884
25 41 400920577
45 26 428199076
24 46 51338292
12 21 544793221
44 24 747341773
31 22 64048732
34 29 385345444
34 49 932294466
24 14 70471425
31 3 752044258
29 52 38097495
52 11 880068630
30 55 341124647
22 12 151586467
14 57 669595594
38 56 157419223
34 48 478614421
38 0 275160871
49 56 748339677
30 52 232930827
43 44 215148209
36 42 316334215
50 56 671235419
53 57 221566143
40 23 -495075938
44 12 530656631
22 56 201631735
6 42 541997801
13 45 886772805
41 4 301848734
40 21 599375507
6 0 436884082
52 27 57123336
30 16 723298346
36 1 912042394
3 42 65263168
0 25 496958866
22 6 242485187
7 10 732738747
17 28 510712021
46 47 914691416
34 24 -870504356
43 47 26222799
28 36 744262236
30 33 433693167
25 57 455223937
16 43 992054422
55 26 439006485
57 14 348294669
0 12 300892926
26 43 337808008
20 19 791473281
9 1 985904230
55 47 166664627
30 49 436147374
2 35 790278639
12 56 721706830
11 9 22521337
35 53 486438874
56 11 645423229
7 49 972252488
16 35 280974742
38 29 599090588
33 8 835381160
35 9 570099387
5 37 734703363
15 9 537740941
27 45 603859170
16 45 677566275
19 33 380293669
23 19 988733349
0 35 734076996
55 41 822922000
50 44 151337419
17 2 860874401
48 33 923295115
18 53 656770795
4 47 164992350
51 4 393557558
33 36 106807961
53 43 926496022
11 5 265609106
19 29 209363480
31 42 245682622
34 57 -931849781
25 46 747109561
27 4 342249351
54 33 569925011
6 28 649061849
27 23 836886761
56 41 477161784
6 35 269506081
26 30 234055917
44 3 499182897
55 31 737001096
27 39 479770258
0 19 74838890
25 4 375176546
0 44 852620286
25 21 368998735
28 15 221790845
53 12 616768746
14 42 46468827
48 36 657404326
43 13 -827740362
3 55 717573984
24 42 422697353
37 42 903374766
55 57 492694151
28 48 823111653
20 43 73481462
11 17 577660854
52 30 396625405
57 30 947495655
29 51 71494187
49 41 869138718
56 9 198610554
50 14 537208053
56 8 212184476
24 50 478736776
50 1 496594216
31 7 972997374
52 12 217228715
41 33 121179199
48 53 309776206
17 41 618584653
50 3 948192609
41 12 627613876
40 36 490608645
57 19 679520183
33 46 662443121
10 22 430836743
5 17 185303558
22 26 155295662
36 39 853798173
16 4 600865475
11 25 44768156
43 0 906164975
5 47 607720569
13 5 637609993
46 43 948191514
52 57 62618242
2 54 626678056
15 10 473480607
19 18 3540219
1 22 263410194
38 48 148956406
25 55 537456983
16 52 478204349
50 2 759655856
27 40 13276622
37 6 383864614
51 38 488390627
30 34 244460442
49 57 435480716
24 16 253097013
1 45 344055014
4 56 769569865
21 37 254736869
38 36 415945989
25 33 334227844
40 3 317239864
51 47 966616662
7 32 949490199
41 31 517273459
31 55 442603301
51 43 429550981
44 30 21038030
54 50 957161117
46 12 346730287
29 47 560512774
20 12 489337709
51 36 234775085
0 15 188002572
24 52 370982968
41 57 340951019
6 36 6145991
24 56 95901442
5 4 991396132
27 2 847734712
49 32 583872417
0 17 193407225
13 8 399486493
48 12 493452781
54 48 606874362
17 23 503751571
35 33 406038626
1 57 645081242
0 20 425932741
5 9 633746983
4 45 392270318
43 22 546877014
9 46 717094210
45 29 37469968
27 19 18849260
31 18 285196886
30 44 129727283
18 24 507515787
45 15 387849199
16 40 878628965
1 40 662062977
8 38 403959855
7 55 582011216
3 40 239513833
15 6 -718128886
56 47 383900769
24 28 773228647
37 19 513869738
43 14 -458802558
34 20 253936522
55 0 245979922
36 13 717567348
31 47 636968631
54 4 902878582
55 50 93427998
57 18 622314997
13 4 192844786
0 22 522085391
39 27 364650806
27 47 986009226
29 55 504168705
1 20 723064116
10 27 597303801
16 13 644904367
39 55 269012509
13 21 506084939
18 27 714904731
0 32 605565328
22 51 973726213
27 50 427047817
28 26 954303053
43 9 -211898441
1 27 636039263
1 30 958222843
9 21 160824258
12 28 89618857
3 52 620922055
7 21 535288569
38 10 710145304
9 39 735480261
47 22 297492974
19 25 689135468
32 45 463381361
1 49 796193190
32 27 157240329
14 45 345581825
21 17 -480020083
42 57 633873917
54 42 672293191
45 46 78379615
31 17 149006969
39 33 108826932
6 30 681614208
6 45 181476593
55 6 127039637
34 6 994465645
52 6 971785859
16 38 784461963
21 45 780137034
28 10 706923636
0 47 427980311
33 39 310961343
0 30 546141400
10 17 530892338
9 28 200120294
6 4 451552482
16 7 285366783
27 22 829136572
40 45 372676147
50 34 348917642
4 25 528925044
23 49 755309049
53 56 70706701
13 2 148844819
10 15 183506670
6 19 874678292
26 2 500817221
47 57 415363127
37 40 892259784
30 1 955862477
1 29 688527975
52 4 671769559
2 45 815590739
48 51 445081054
53 39 930390563
30 20 352768232
24 20 463343895
18 2 918207232
52 39 377764448
16 8 423650193
25 39 280702159
20 57 763479657
15 33 86207009
27 18 252704548
1 37 638723118
18 52 488091775
19 45 305504694
55 36 859653289
17 31 310737690
8 10 959419491
7 8 515799028
21 16 812998542
8 15 105339206
56 36 480742827
54 27 528179127
9 18 954626375
21 46 737509679
21 30 366986055
10 46 34916761
29 33 878444435
11 12 117948139
45 47 158211527
41 47 564784674
41 24 341428207
54 55 506309746
12 52 493731145
22 20 630185096
43 20 733993068
32 16 965281407
12 8 511478204
21 15 316923030
44 28 338690720
46 30 766336032
2 36 794720023
21 9 750141348
39 37 639749748
27 8 332588259
43 46 869474412
57 38 231719113
34 47 874428494
32 11 193704625
22 48 919884542
15 45 846354142
4 0 580306405
44 37 722989631
44 25 265678257
7 15 122012443
23 47 265597107
32 7 51488441
2 46 267343618
44 34 352293769
4 34 366475379
24 30 251629524
13 26 444149946
24 44 -53019907
7 20 843270827
31 53 12283412
28 7 501026079
32 56 55664805
5 16 305808357
21 32 95263312
38 54 33181010
30 12 128647527
15 31 974663078
13 23 921255713
25 30 255901105
4 51 117992093
56 22 331536847
14 56 435257081
19 1 677994645
34 32 516436664
10 36 960252511
26 45 866137150
11 15 715173265
9 48 648050484
35 23 131834236
28 52 290557307
30 14 413363596
36 30 286988270
42 17 887717501
5 41 963943983
46 41 252149607
3 35 986459053
38 37 709444901
39 45 240871927
45 22 130836551
1 41 738359981
57 0 342749811
44 2 897621431
18 45 731885520
52 50 388896638
32 23 375889997
6 23 616422460
24 55 823524332
14 22 575047988
5 31 267308524
19 37 973037869
25 13 751995319
27 31 717709434
50 28 443929458
31 57 35042217
40 37 -356287996
41 45 976494587
49 16 201174433
13 55 820704049
52 1 672333498
14 46 636485272
12 57 665797227
23 15 170827337
33 2 13355912
18 38 140437918
34 22 251830810
53 34 407622089
23 21 967299167
4 7 557178976
53 26 548893413
42 36 995498639
52 47 602778144
49 14 149507304
53 8 936260487
44 32 239806991
51 23 853815346
37 47 645380
25 48 1541497
19 44 559204365
39 47 967277309
50 24 669618883
54 6 431144717
39 18 856753061
53 52 711371268
32 21 508508484
16 55 772681075
46 24 954115947
38 47 640101535
50 41 47668687
28 12 360785925
39 8 662790784
41 19 372878919
29 14 258094095
50 38 101248293
11 45 9734960
5 55 210551321
14 9 527713745
13 30 357178405
42 26 290568603
22 17 795751579
46 48 939104070
52 34 123753046
39 51 709824315
7 1 852470048
32 13 99838604
5 53 460662005
35 6 960846558
25 17 143956990
27 48 164876171
10 16 940082803
50 21 622501049
45 5 420242438
40 16 901614637
20 54 145030555
11 49 848777942
3 49 316613436
31 36 617349209
0 46 848651992
32 4 481388668
51 21 479771123
8 55 877589960
28 29 821486466
29 50 529997661
28 6 47183294
15 26 259214123
40 14 121463410
28 22 191075790
34 1 369890828
10 9 408389329
17 33 264593176
56 16 690134755
18 23 359743684
20 45 454676980
21 25 419978721
46 3 278254838
51 54 84099867
34 28 406461142
50 27 317833192
7 22 939906856
21 1 631903145
19 26 188227902
34 38 864094408
35 32 114339101
45 17 -201307277
41 22 412222303
27 15 435330375
17 21 315546041
31 39 133235251
4 12 452968881
55 11 51589784
23 24 618494894
48 0 748551485
25 47 876144567
52 44 50314746
16 18 266448559
44 48 543432313
11 6 888274923
48 28 873133582
19 14 77505297
41 0 16299276
42 3 980437687
28 20 786253129
23 3 980475744
16 56 678556983
22 39 504931428
41 13 891446805
51 42 300891452
30 23 163102195
53 6 861798646
46 16 124115886
36 37 32339949
7 45 -562609608
32 38 473412655
43 45 547166891
0 13 253265803
5 29 588855611
17 26 546214875
37 5 732560073
22 8 44891531
37 21 190655280
35 19 975344091
2 37 450633814
7 50 250713828
45 40 513812447
48 10 30438313
38 8 365316279
14 5 290023234
45 48 502800067
7 41 422778899
41 5 301977884
39 50 763465368
10 41 9053113
22 32 697786760
11 37 497490343
19 43 834490979
27 26 -672904483
6 29 561408730
13 43 373159820
53 9 64614809
0 45 980069889
44 33 696170878
9 35 249832885
15 20 697292064
45 28 540086181
49 19 318122949
21 31 656181883
41 40 69436696
14 55 579097212
46 14 528026852
12 35 448723401
1 14 987598179
40 49 678516969
17 6 888807177
35 48 961066979
55 43 33491546
0 43 814907639
54 51 845540692
22 15 496798761
43 15 879332498
54 35 225010335
45 20 347109999
1 51 59901988
53 19 509217211
56 7 116889866
12 34 945257138
39 52 715995430
30 26 899959261
31 9 322771450
44 56 291200636
46 6 183671691
34 3 191699055
46 33 818872919
14 18 251464017
57 8 261058998
24 31 263891770
40 7 208248879
17 25 746872458
8 27 5105238
2 31 747160805
1 15 406315430
40 41 828349552
15 50 148247269
43 42 28029294
13 27 714420408
11 36 462683368
16 34 118379791
56 21 660541806
33 1 27670370
33 24 755911218
12 49 897199936
40 47 983179191
17 22 919562794
43 38 436038778
13 35 231103497
11 48 988574152
16 23 494470360
42 44 404253513
45 27 729229726
8 40 242996631
27 55 640113321
7 4 654484797
35 42 237700488
46 9 654013789
50 55 474259356
42 41 724662896
49 8 514719486
57 56 275982518
6 43 307734433
19 30 930094447
54 26 441655579
27 13 842736010
54 29 640446841
37 56 313527095
0 57 635174066
53 7 510309252
26 50 827737183
48 46 199436100
40 10 327178917
8 17 868785934
15 19 372393721
53 41 797555144
36 9 602956429
9 42 488972406
46 37 514057520
37 11 32693925
18 44 448245596
22 0 723156645
2 43 704801994
47 1 272982235
47 49 331008226
0 52 146827436
44 4 216039953
5 11 54693200
44 20 248385379
19 38 399543450
1 36 14955596
27 41 454856081
39 5 497054689
27 17 721139590
27 34 927223332
21 51 759722882
36 23 599535908
54 3 274281596
36 55 770137262
52 56 801727362
6 50 59778641
39 40 176601247
22 2 253336409
49 52 469244754
22 21 476304135
7 2 906731476
41 42 649936935
10 47 416219101
36 11 505529205
35 37 643940611
41 17 557873737
39 21 198695848
33 12 492709229
57 12 441757827
3 47 908830323
16 50 153594402
6 1 447189998
14 10 933323831
23 31 345773859
39 17 546389668
7 54 180576425
40 27 114130942
23 13 498340001
54 57 612139667
31 30 424883301
22 57 612209022
9 34 938225004
6 56 651392020
45 30 45205465
33 30 879737848
29 40 213873013
52 43 278275781
48 16 780389482
29 45 897666772
11 29 245367970
24 41 665781003
47 53 934902731
28 2 282116076
43 5 49132067
5 24 3646794
36 56 835402112
24 47 20874789
26 0 258159002
39 19 941847938
42 47 363464576
57 55 290900033
46 32 443860544
50 48 3516451
48 5 965722628
5 27 240774182
13 42 9522608
41 54 419672539
23 44 801568910
4 11 422325072
42 11 338300459
11 50 642442336
38 25 530550008
19 42 365484849
41 2 972953104
10 43 427018256
28 39 -888450159
14 50 244603958
13 15 284428507
14 41 377779010
49 7 47520816
3 44 598937487
17 57 333120282
12 16 748009134
40 32 413013428
11 23 209093864
32 15 185045320
49 46 56550134
39 25 924022005
8 37 729626259
29 11 294799717
16 14 288238799
36 26 818048106
42 14 998897788
36 5 104372301
48 41 384797570
31 45 968740324
20 51 995787069
56 40 827475097
6 40 312531046
7 57 -741477315
28 24 322987014
22 36 419593951
35 25 272945001
45 37 959011441
57 13 273905652
35 29 479594045
51 35 221592339
9 24 319919822
1 0 128834610
2 56 629354113
23 50 823202199
24 18 395607284
39 36 504768219
46 7 150574849
34 31 588151694
28 27 385179614
21 0 764745814
43 18 265543493
15 0 381247013
2 20 500124543
24 22 599649222
19 16 40185286
27 36 904571067
18 20 964753131
25 0 79654691
22 19 625348236
9 52 181846107
1 43 200054986
32 49 666806353
26 18 393587979
20 53 837746799
50 52 974918164
48 31 827890153
48 6 294149151
23 17 520494403
8 39 -799743789
33 17 777902408
45 19 859096755
23 14 210221437
15 12 213326059
2 8 -686771068
22 27 789800602
17 13 290501392
56 14 539334276
12 33 646934822
49 28 77602012
39 22 809474480
17 14 -991432599
53 55 806644031
3 46 -145853660
25 11 99981708
55 3 488263836
32 8 823065529
2 52 553822922
18 35 697465162
46 53 440412525
47 24 876205989
37 31 497079407
36 28 482674889
36 32 -64801602
54 31 937753169
36 17 33443724
26 32 470657333
55 12 430247191
47 37 721077408
31 19 614802020
36 25 242488227
44 52 995757816
10 13 571818383
40 24 895131685
9 10 40830542
30 35 229141814
44 21 983686316
0 41 524616300
18 41 586618798
14 38 392449372
17 54 497764396
20 46 582226562
37 13 753789645
34 51 88615551
5 8 306863381
22 16 748209070
34 35 990102060
26 55 444032368
8 12 441726534
2 39 685035927
29 15 878867828
25 38 746280022
9 0 71400681
19 46 83028720
26 38 428534629
39 9 544620128
18 11 223544038
28 41 15359046
5 14 160856600
33 6 561616848
0 51 625602575
27 0 264218650
9 17 390601070
12 43 69913457
28 19 665755679
14 6 559673917
11 39 475860786
11 1 863360329
15 52 23911436
56 12 149744760
32 12 630885153
19 24 -870560512
23 41 643498709
50 18 884182998
49 23 274384730
33 49 -357903461
1 9 313715132
40 55 413308498
4 1 8807119
49 25 343301735
42 20 422983598
13 6 615844407
12 37 334507528
31 54 793574639
55 1 965644810
28 55 706722044
10 21 21645912
52 7 718574981
23 11 620438966
7 29 195956919
11 10 591097239
32 26 261772045
57 24 498403752
29 20 245625683
13 34 436718624
11 19 614855918
31 12 975034099
4 49 212421604
24 33 879649979
37 4 -662915166
11 57 435109593
35 22 146038531
32 6 899173682
39 7 353011086
1 34 344071301
26 5 417132192
14 2 365745239
44 40 771600291
46 4 94294078
17 7 437453112
51 40 741801844
39 6 316605447
44 26 57160012
37 20 362260626
12 50 478410199
23 5 676485228
45 34 830484188
42 16 346099332
53 54 147230127
16 27 701549890
45 54 424417044
53 45 585453662
21 50 469942903
4 3 934395631
24 7 119097291
28 35 337094328
49 22 236830914
32 37 248537137
33 34 624333833
18 21 -11967885
36 4 93401224
22 13 120277556
0 28 194607685
34 53 601467547
6 3 26570975
39 54 158520547
20 10 797281903
52 2 986599976
36 52 317601202
18 48 566542536
53 13 904123565
18 32 174427915
37 45 957012940
25 53 189410506
43 53 2959363
2 29 626195538
2 49 312282256
37 46 681433080
40 57 806245538
41 16 898558962
46 0 974158894
50 22 464221614
35 52 579495558
17 19 215157455
0 27 382145003
11 42 938443946
15 18 965837220
57 28 480969385
16 3 313115639
43 56 626396464
38 57 362023205
26 23 488624233
25 23 916129591
3 37 408801336
14 7 865337168
14 0 917249623
10 8 213750017
37 43 380791425
33 25 163307242
45 51 433619202
54 34 185367929
31 21 357915221
2 40 318747757
1 19 43257836
32 10 699795019
52 41 467757913
48 19 162599381
25 5 5749273
55 48 834338808
6 25 425756180
19 13 965259721
2 33 796063914
13 51 470031218
12 31 355603900
36 27 296474040
24 15 371194700
48 38 97077755
3 57 577573114
27 6 -421829720
52 40 881792627
32 52 588390478
55 56 271494752
44 23 517546422
30 31 695460647
8 45 760560468
34 45 401850251
20 56 915384119
19 53 965105230
37 48 660723275
29 56 676788820
55 40 86898790
3 9 708651955
10 35 974082487
15 17 231967573
47 34 545589219
23 16 425920893
2 51 587661862
15 24 892720495
9 26 186233511
23 18 84624346
35 0 58452631
40 8 405933825
47 41 724327618
27 52 963971601
10 18 334889252
28 51 811193619
8 41 748045616
56 18 501576454
36 46 970140733
24 45 170321188
11 0 910765588
4 19 858128692
57 53 624045435
49 54 447419127
49 11 677453993
2 18 -100592799
7 17 925021121
40 35 -220753438
26 57 294468964
44 16 725787942
15 36 865135575
34 17 138127134
46 2 435542917
34 15 964593124
11 51 816174890
49 18 769937480
24 0 946920564
47 40 858137729
25 1 826720614
54 0 857715899
43 2 162494246
34 27 579136117
2 41 466857519
47 4 715360474
15 30 133455993
32 19 185108024
18 36 99038781
5 57 371153226
42 55 944722652
45 14 592547930
9 41 412489451
5 33 136420171
36 49 43750855
14 25 610651291
7 34 221942497
0 40 293794892
38 23 84917041
56 51 267257313
44 55 361220462
13 46 920811249
26 14 508507103
19 17 192479855
15 5 808951097
5 0 914301704
0 23 19600825
22 50 252810916
57 51 472295416
8 19 387655845
7 42 952813709
8 54 729702596
7 40 519519467
21 26 127554524
13 56 923665778
18 4 -68815407
57 50 863390811
17 32 765499085
21 39 406371683
4 43 790152396
31 38 114869930
16 21 908410772
32 43 9167481
46 45 780933915
41 10 473563827
34 25 2921691
27 11 316298628
6 13 -295533778
17 43 932074677
18 55 288255657
5 23 916800320
46 28 722376662
10 55 810319462
36 34 559381998
41 20 602076967
14 19 857813569
46 17 151333838
45 39 286251189
40 39 868980558
22 55 258285601
48 1 992223059
56 28 210137228
22 52 232864053
38 27 886180222
35 4 874483136
15 40 377065551
31 52 890842152
21 48 283712081
57 48 566662121
27 7 346559157
42 8 121873896
30 22 328982520
23 53 -362202102
0 5 859432670
32 40 438709298
6 52 523597385
12 0 829229366
24 43 683418251
50 17 51304391
26 53 31969058
50 42 978434979
20 52 644921316
25 26 667073758
34 10 442595036
51 56 443875947
20 55 450334398
53 35 612434871
6 16 179608254
40 19 738066478
18 16 297732732
46 25 206816929
35 2 207839429
26 15 532018661
42 49 339830467
56 45 73139534
39 10 418281311
32 9 992128063
6 55 136310469
48 55 726125220
26 10 417799414
8 14 855886402
57 40 196249181
34 0 763715932
33 42 943631470
5 38 104234424
56 4 848181251
26 7 482675456
43 34 855322040
18 19 506426979
6 18 421164117
13 52 564631375
32 24 769385224
2 44 156360652
33 3 800614803
49 9 923976076
44 17 56337643
19 32 946787558
31 5 162478337
54 23 993280716
48 49 737998902
39 42 594806103
3 8 998622989
50 19 596682582
2 17 143129640
39 28 227084944
3 24 239005751
9 55 371304866
3 34 806874085
8 42 965908698
37 17 855966380
15 27 80300367
30 0 29403313
30 6 552131266
30 57 365727805
25 40 126260913
25 37 778427918
11 13 124870090
54 15 507067785
3 19 126370521
50 49 337403130
8 2 207146469
47 6 154550042
40 28 955668012
21 54 336818499
32 35 867570679
10 5 9085793
21 49 115915259
24 48 611537923
27 57 609569944
51 39 781492730
4 28 50944804
56 44 7461026
22 28 363062086
38 24 447668810
11 4 634700718
25 6 228756823
55 32 768376670
50 54 319744995
45 0 349851811
1 21 856699655
22 7 135047182
30 17 788569886
37 50 48418255
28 17 918383608
1 50 707450692
4 27 237959192
10 30 727360151
16 36 981738157
2 0 813542979
31 50 175013574
19 4 327917081
32 39 725986555
23 43 197436386
14 30 104675298
51 1 642184745
42 9 139679492
29 2 554226086
51 8 768810822
7 0 936955107
46 26 448680351
21 57 274445625
19 49 455728975
29 41 154670814
55 24 491768142
15 43 542996023
20 32 892648101
20 18 223835168
57 3 906884990
36 57 26080931
34 50 70360294
57 39 178692587
40 54 875124528
26 25 972340925
5 20 742686309
34 46 910906621
44 11 206076886
48 9 253114768
8 35 311310550
35 43 570650237
28 46 825200496
45 1 16012956
15 42 -986901848
44 49 734363210
43 4 661464614
5 52 768186476
25 42 504817944
6 27 562586387
49 27 346099752
17 1 62644133
31 29 377378983
24 35 50251894
1 35 18385741
6 24 345574269
57 1 349631541
18 3 89482406
3 13 430129562
52 42 723273339
15 13 34208936
57 15 351233186
57 33 362210485
20 49 431680435
49 42 264995397
1 2 550855664
20 38 490296514
1 47 648985221
40 56 106684394
26 31 342752848
24 32 718753248
42 1 257631660
39 43 -423132375
51 52 407933144
19 11 664379844
41 11 70896641
53 32 777996634
3 23 633750567
28 11 946318165
45 44 -47302917
12 27 72629766
54 44 733188414
54 2 192746290
13 0 849165612
35 55 163536915
50 23 556649779
2 38 276766203
13 9 57237096
31 44 364153427
5 30 845982634
12 36 947112576
17 37 550735393
6 2 598060498
57 4 509680296
35 50 557380729
0 38 847082907
13 14 295630833
4 17 929694648
55 51 627204312
57 7 735765360
35 28 638591057
36 16 380185544
29 16 330109973
12 38 583145712
41 30 505443003
52 53 588773093
30 39 583219289
18 8 325848298
29 6 426722414
37 12 849957359
17 42 248261635
29 26 578503305
21 4 377282621
35 20 565553013
47 2 607642932
8 5 643263464
37 32 372734006
25 2 676233311
49 13 579483174
56 2 526949024
13 49 320786527
51 16 247970135
37 9 633641924
9 14 567961166
13 39 688714946
49 5 60428763
50 46 349502716
54 49 977111021
24 54 983865256
55 8 69532002
22 23 677746677
40 53 775725851
18 12 769864880
42 24 149048645
52 46 293400598
41 3 932401475
28 54 438498071
34 8 357947767
4 50 101920428
8 26 367057440
50 5 840036217
56 53 147610789
49 3 683897274
14 54 111611659
27 25 971227329
0 29 286006994
46 10 376077410
46 1 -557563332
9 19 634804801
52 49 127356961
19 47 775265929
30 4 877993790
20 44 274624541
0 10 19487949
35 12 291302814
29 28 225060130
21 18 149551547
28 32 877352960
13 31 188574011
8 53 670241983
55 53 862453476
15 55 937201793
36 35 4565038
8 34 540931062
45 50 952273461
43 35 697504416
33 51 243886985
12 23 239240619
48 52 766711937
24 27 165658297
42 21 8795596
55 34 305620660
19 39 176668289
1 5 774476502
28 3 607964386
46 55 856797484
48 17 104023233
43 36 644646389
31 32 567142243
33 4 868368091
40 2 -941701484
20 13 232322530
56 26 53369345
32 36 735334424
33 22 434596548
15 47 511664889
17 49 510048953
34 26 734084689
12 13 445397897
17 52 940708348
32 46 982000689
28 14 829668412
31 11 100683985
49 30 662513112
14 27 270794159
7 38 983049726
27 49 286702165
15 51 588716037
10 7 151058778
16 1 18775451
43 55 136029772
12 45 926273087
9 45 433706999
13 33 31293628
17 44 32001219
42 28 812685420
47 36 802841921
14 29 448125181
24 1 117457988
47 52 328222574
35 36 313233181
9 54 563332573
11 34 365940744
26 24 759388642
30 8 766646712
4 22 832088101
36 38 771622829
39 38 191718941
11 55 305092657
57 21 23349039
48 29 893012555
29 34 187175491
26 12 899046882
7 33 445251546
16 25 730402125
51 26 609108413
52 18 743547
46 52 968618122
40 38 460088490
33 15 774556814
3 2 141039770
16 53 846248004
13 37 141864707
51 9 654822039
38 49 723716340
24 49 880754254
11 14 796388991
18 47 215343870
35 30 81613506
13 57 874720384
7 53 487082476
54 36 504529518
53 51 583769006
22 42 333944868
3 10 284507577
30 42 521607161
10 11 49110794
56 31 724481223
53 38 213711025
14 31 130876234
13 44 187747959
53 48 435362327
38 6 503076432
7 16 171019153
25 54 628981134
1 42 918601667
10 40 944230312
5 56 923617080
39 20 290811925
17 38 78749357
6 37 41003848
30 19 123430433
51 29 382637139
21 2 -427430894
15 41 301022748
43 49 729956343
26 56 161895672
43 21 173917505
21 12 563638498
36 29 626193465
48 37 914553873
27 28 905857509
5 7 411434987
