11 51 2 8 4
2 4 455745818
0 10 437974578
3 10 591823121
9 8 103712919
3 7 55409930
3 0 651789296
4 9 183790502
0 9 424494669
3 6 301293337
1 7 40089263
1 8 877365734
3 2 507979107
7 4 576889268
4 0 330632722
9 1 562331249
1 0 572283723
6 10 669109676
7 2 654690104
2 10 232974798
1 9 258272436
8 7 649149380
4 5 850809371
0 2 714929052
3 8 495287194
7 5 122207464
10 7 335218166
10 4 527015496
5 3 902953880
8 6 485805377
1 6 348442522
0 1 818052396
2 0 900598571
3 4 705790120
8 10 638336341
1 10 90980581
9 7 686627611
9 4 -188089063
7 9 10139540
0 6 197068327
9 3 339357577
5 0 886215660
6 4 8355825
8 0 707923829
0 5 965852566
9 6 905749958
9 5 576682747
6 7 -38821324
8 3 382088907
10 9 217821130
4 7 254039843
2 8 459742685
