39 47 2 24 34
38 7 96199245
8 32 827798378
11 21 976977265
30 23 159024821
1 9 57332695
28 18 64196737
33 16 339310291
26 33 12928157
17 1 158190514
3 11 294163429
9 28 473856064
14 4 637153127
2 0 546182958
18 25 306334606
32 6 33023426
13 2 355432984
35 21 456701684
6 17 264422411
15 36 374515251
27 30 895027717
16 27 -154480586
38 37 251519134
13 20 902557193
15 24 272333642
36 26 143873724
22 5 9910581
19 31 907119158
26 9 87057779
7 22 490045644
10 15 941748037
20 19 98586959
27 13 -552847962
25 30 768841773
5 6 18397671
37 35 967947474
24 3 73903357
31 29 735767868
27 33 836077847
29 7 592304716
4 8 232396884
0 14 778022768
21 38 770998607
23 2 560037706
35 34 644570404
34 10 723012604
33 7 844824246
32 12 237206408
