40 43 2 28 20
27 32 472820491
35 26 -671468596
15 11 973762176
13 1 62911212
24 39 502723076
10 30 142058069
38 4 27934023
37 22 55071062
30 29 825930299
14 2 235788484
18 6 193138011
16 13 613419159
34 27 687300991
12 20 678179714
20 8 106545809
8 16 390021960
0 38 662139607
2 19 355483382
20 2 700060848
33 9 964267568
32 3 482814450
36 33 27265743
35 2 478866098
23 34 965958401
28 21 665640996
7 0 694354452
1 37 204167541
25 15 498536682
21 23 978336916
22 18 75961052
39 10 82482497
0 17 189323792
4 36 940316213
17 31 864169195
9 24 694172217
11 6 229423727
26 7 612704409
18 25 575906058
3 5 617488405
5 35 871006525
6 17 692288534
19 12 -972538018
29 14 87949453
