2 78 3 1 0
0 0 122282222
1 1 619816877
1 1 487369353
1 1 79170513
1 1 922348474
0 0 499889675
0 0 642022950
0 0 83817120
0 0 969742633
1 1 933506354
1 1 408066104
1 1 693256017
0 0 701268082
0 0 724569093
0 0 -780592459
1 1 755127296
1 1 152951426
1 1 444848096
0 0 858568521
0 0 467573263
0 0 914508445
0 0 37579081
1 1 708228762
1 1 602226032
0 0 864141702
1 1 890849096
0 0 138806361
0 0 555080144
0 0 717947614
0 0 228555351
1 1 759405560
1 1 821925902
0 0 603869379
0 0 6267044
1 1 765169290
1 1 319419334
0 0 9102490
1 1 263833252
0 0 249209154
0 0 428613154
1 1 945545889
1 0 603908384
1 1 599206042
1 1 826932932
0 0 646656891
0 0 158045968
0 0 39246092
0 0 495368649
1 1 -37819979
1 1 435818249
1 1 29737061
0 0 874872903
0 0 286170668
0 0 197806557
1 1 640624273
1 1 272024176
1 1 782477859
0 0 258170212
0 0 607312491
1 1 438674717
1 1 484812102
0 0 874331267
1 1 876045013
0 0 155292480
1 1 435137301
0 0 -734099417
1 1 584694960
0 0 15687338
0 0 592675653
0 0 701650754
1 1 795723971
1 1 634659996
1 1 359455147
0 0 420750663
1 1 265181849
0 0 726095760
0 0 428893769
0 0 69750026
