35 515 15 33 1
4 7 634950202
19 5 95233105
1 17 569132697
31 6 344819005
27 6 831946979
24 20 640865696
21 14 790220516
21 6 582799458
33 10 28756938
22 33 312749732
16 29 576241602
33 27 760319849
11 20 704936618
5 9 28851068
15 27 470447227
4 27 784609981
3 14 137872362
28 22 20913374
21 9 390050110
1 23 707408826
18 1 -901575590
33 30 -815098396
26 12 461955243
19 31 447483367
12 24 746608444
4 32 163594208
8 31 518638319
0 27 356326282
4 30 949431836
28 3 428127486
12 15 639494487
8 8 796372012
26 9 671147957
12 5 702208438
7 12 725539456
32 28 405953577
28 9 771100599
2 15 20963293
34 7 53905920
27 8 269040600
9 9 989759200
17 29 801676635
6 20 85229059
19 3 657213112
22 0 995849912
27 10 403611941
18 28 49080885
14 32 983106987
3 4 701004244
1 26 365436426
34 8 486011353
18 14 249294616
11 16 854785972
13 2 782436803
2 22 187888209
10 32 210189738
12 5 77417194
26 10 470589723
8 33 243231546
24 9 576016558
14 4 896067046
20 23 126598978
4 21 214869140
34 25 742743842
30 32 691869152
9 21 921302639
13 20 43038384
30 2 626521410
0 3 78781536
20 18 601378419
10 29 646348205
9 20 795288441
23 22 359901670
30 17 888611099
19 10 911379060
22 7 872741118
15 10 784075087
7 32 -784052071
25 16 949463741
13 24 732370035
13 19 960961881
8 11 19444009
7 12 187455964
10 26 130443701
14 25 623364835
13 10 827808760
7 26 705390630
9 9 827186229
30 26 21052877
13 14 537647666
30 32 909591624
5 7 557770635
0 27 968125519
30 13 973035935
10 21 256785390
23 21 720718226
19 32 851024197
10 34 31669581
3 5 765860818
7 18 949367351
0 5 810998272
1 33 382200819
26 9 429680619
29 31 652765812
4 14 567444097
26 14 370056697
31 28 151264856
30 21 406713196
14 2 266130937
3 26 581387194
12 16 373460490
1 10 483495355
2 25 377416981
25 4 563299991
31 25 597822258
29 23 693826987
18 26 538942852
7 20 530975230
2 19 292530054
3 30 877540698
17 4 592162606
1 26 434805948
14 19 473955222
25 25 306370607
4 26 523255552
22 1 951428231
24 16 102041376
9 0 731333530
6 19 186068336
7 5 273424009
32 29 771224460
14 18 836474128
32 17 47848484
18 15 588358504
1 10 520333298
18 18 970533429
9 11 330447395
16 8 632977804
22 8 744110193
18 11 614505357
20 24 772123126
4 26 179529208
25 32 672291124
14 7 725002222
11 16 520314728
12 12 127165126
14 3 939716006
18 12 480543374
3 34 906441208
11 15 756695307
31 14 899103531
19 32 563841832
12 25 947202676
16 33 238571432
10 4 582262878
25 9 83923837
23 14 159104375
14 32 413334171
19 23 740357688
14 32 493700040
29 22 925772234
26 5 557122915
13 17 769128308
28 4 490252757
25 11 557333679
11 32 18910955
25 23 34532904
13 17 470055389
5 11 536830100
25 24 494242939
8 23 491310896
15 25 895282185
12 0 620129487
0 29 921165246
12 29 730440539
6 14 908756909
7 5 641881697
13 0 952034592
15 27 941986270
34 21 616897075
15 13 804915795
21 12 157411296
15 26 418813110
15 24 357546227
16 25 200762125
23 13 418246228
2 32 72211231
4 4 414882464
33 20 826234983
25 15 167237768
23 33 630495932
12 14 216801597
28 20 821358002
13 5 114082301
2 2 21924742
13 21 509890594
0 17 977117215
26 14 558122137
7 11 801178330
21 13 652932913
28 7 590519726
21 11 627587969
27 18 451569144
17 17 504297246
13 13 583910912
3 23 -442570282
34 7 558003180
17 15 900136908
31 16 828246045
3 13 878900415
3 16 997332490
17 24 432517036
0 3 463861190
7 9 615787103
30 2 858335793
1 15 166735960
6 11 21357486
30 33 178642745
17 10 893933410
10 17 497816680
16 24 167533960
34 14 217907815
6 26 802076913
28 23 69461069
10 7 74955134
27 20 608646694
25 7 185044590
3 27 916324485
8 20 32058584
2 4 83216690
9 6 503653370
4 30 207511655
2 27 543714340
12 31 369380485
25 32 978417200
23 24 783124485
32 22 958608284
12 28 893763461
31 12 762148266
27 33 220104169
7 31 397150444
0 17 20427665
19 8 756984720
23 32 795294683
26 33 225646762
14 5 990861410
4 0 651987372
2 22 530847991
28 18 152143919
29 20 -619085612
19 22 835562365
34 5 292074143
26 21 942348039
24 30 382376382
33 9 226820135
16 29 85667151
15 2 75993218
25 24 828465
34 22 39250709
2 0 574227598
11 4 876105410
3 10 69414130
10 14 255631853
8 4 641937957
3 11 849041202
17 6 342251161
5 11 457306477
12 19 -261680299
8 4 871016393
28 29 145556663
7 11 238124715
3 14 706824502
33 28 100618428
2 12 349151367
27 9 734368836
24 16 -945827210
34 13 462848906
27 15 196046268
27 10 731255411
22 12 295693483
16 27 655998562
11 5 134953363
23 17 265893330
23 17 272510025
26 29 592423977
15 33 108359714
19 10 202682157
34 19 137832713
27 33 979229718
18 7 129254496
1 17 226531566
21 3 164247471
19 3 439364479
10 11 298159199
23 18 981876398
17 33 969898042
8 10 267161788
8 15 136664357
31 15 806303112
3 33 771773413
25 12 960953445
13 21 794528949
6 8 246827787
33 18 560875625
10 25 555514025
30 23 611486270
31 33 837350998
1 2 352623062
6 3 745860096
0 31 387318878
12 33 860494130
8 31 129556656
15 1 705984551
18 6 237695021
19 10 731702494
29 22 647826599
19 18 541976831
5 31 42174738
1 21 738877173
8 28 -581979100
7 9 983603909
0 15 736054510
13 17 184650312
12 27 939644114
31 30 46921139
14 30 419970871
13 20 14136796
22 10 402275468
8 19 99654459
6 2 667926699
13 26 64622998
17 8 200207901
32 5 844064044
14 34 731845268
25 11 596339168
22 9 740701375
31 10 -152310590
31 14 479296837
34 13 894121624
21 24 255779643
22 12 38097419
29 19 68356397
26 15 844368996
29 6 930467266
0 13 507295070
20 16 577597666
19 5 723955336
5 16 200896166
25 26 980823576
24 14 725907003
2 3 901700094
12 15 406330714
28 34 697898102
24 11 636047145
19 13 612070779
3 27 696874629
12 17 83041287
11 34 -156699520
19 17 422757185
9 6 668698438
32 8 191045481
23 29 18456696
4 0 854631371
7 6 115347361
16 16 154042235
28 32 776574305
17 0 19300156
2 33 708716627
20 11 352034655
31 24 765571201
28 31 979724204
26 15 298363316
30 32 587687888
19 34 515111693
18 27 135576405
12 15 790978129
13 17 743152755
10 29 456625351
8 12 681937279
12 28 102276081
9 14 161812439
24 0 -275075560
4 8 303176290
10 2 114228651
3 17 257557126
3 7 367234078
15 16 78894641
8 28 633127773
23 11 464365037
11 13 846766732
19 4 306955669
15 34 262208356
23 3 -196521382
33 29 74994014
15 16 686396830
17 30 543724187
11 21 525889705
32 32 989801405
22 1 105945101
27 30 -283402892
32 6 553385639
20 23 239979741
13 18 79490505
11 6 943935726
34 6 400150766
2 17 80565983
30 13 164580856
29 24 836853399
14 11 413126725
16 22 260756400
22 22 994679768
28 29 80390503
20 20 673012671
18 17 170158343
1 13 455820660
6 25 953448819
30 26 987185285
11 25 661755392
24 13 834513941
6 25 352823466
26 26 311723657
10 29 642323750
13 25 217113529
21 17 809482621
23 19 636549288
1 0 753362897
8 0 449388198
26 25 595353819
27 2 437833279
28 21 694649269
5 27 442292003
30 22 677936434
30 9 867622406
11 24 681054059
2 11 880386123
32 28 611743998
7 12 671461049
29 1 509968510
24 27 195089314
5 7 498700231
5 34 309274400
5 13 687194121
25 15 55202484
9 30 392021607
16 2 858671750
30 26 469577789
3 18 840254842
22 9 417552403
9 12 423554677
11 19 6606302
9 6 302078304
33 2 268195930
7 2 524227416
3 8 597260475
5 13 496172859
34 32 403424544
34 9 114501823
14 4 37204871
32 33 61277347
28 1 971327407
20 20 381459386
19 25 660455752
31 9 977014364
15 11 104620985
12 6 563716240
4 9 561295369
21 1 464603557
7 24 759087159
22 13 882177407
17 32 331891145
29 15 925903479
19 28 566379818
25 17 85049394
3 29 953677608
23 9 3216634
5 18 814103730
5 4 315609106
16 17 401334739
2 28 848918968
17 9 -427001819
1 27 260227500
12 7 455537952
0 4 724708095
23 1 360703758
9 27 19590386
31 21 243168274
1 29 973718006
27 23 848739504
3 16 957809790
24 22 665757800
26 13 839961420
2 14 882632203
27 2 781724888
4 0 -722426595
14 16 941827683
7 2 472377795
17 8 208611010
7 30 308796644
15 5 545319074
31 14 988381990
16 11 386902324
24 2 825398587
32 26 44571652
15 16 839683495
17 14 635470348
23 2 45154201
28 0 882842100
29 3 738262805
2 30 36320706
28 23 999334423
11 10 847552872
11 33 380885345
20 5 603090438
19 26 109589987
5 11 259162935
