16 36 1 11 6
13 7 244914879
10 15 237378060
6 8 415442385
8 15 -804780165
2 10 682021369
1 6 534500934
7 1 979600864
13 1 313050560
14 5 364967058
13 8 427106152
12 15 357456719
11 12 308435929
0 10 232690972
1 15 986815226
10 10 1601322
15 2 250433771
1 0 928931454
14 4 763947432
11 13 43299649
9 12 628422069
7 14 726285067
11 12 819882536
0 3 783589022
8 5 455187629
9 4 521827647
5 9 834143402
0 4 167811031
12 4 267773344
12 5 804711384
4 6 791361894
13 9 252969876
6 5 765002226
6 3 976040569
3 14 552932134
5 10 867079303
10 1 290389623
