50 99 4 30 33
0 42 508935866
37 41 252459757
27 16 572138681
18 23 197031259
43 27 342306684
26 28 805757728
10 38 771757696
42 28 -628929864
0 24 389706811
40 48 188401300
13 45 317746419
5 8 552022499
29 5 83080624
12 35 148580510
36 15 12354891
9 2 863982741
43 1 546965470
41 11 900784303
32 37 860583610
44 42 682557173
45 10 916496826
26 4 916073543
34 43 544454546
7 18 647153057
20 7 305875776
5 32 713011951
40 14 631221433
19 40 89933329
29 17 141515348
32 1 736797929
25 48 196796206
2 10 363388193
23 46 120384827
48 12 328441820
24 38 118090628
48 47 501091694
17 18 366644818
3 23 891064395
49 36 345427687
7 0 734950012
4 29 679412776
16 21 300447947
15 43 908211941
49 34 892034129
15 13 580696963
24 33 -873772872
11 15 524205491
8 22 384026350
22 0 708782465
27 44 145477605
41 44 520984883
17 25 629504374
14 31 197882484
23 13 122479678
39 26 56908949
18 20 304165541
22 11 22490368
21 5 346888908
8 9 778199742
38 14 291543271
31 19 345555391
9 34 351222753
6 9 919895372
2 27 208020839
28 3 393653393
4 2 394374436
30 4 945337695
46 45 659323867
30 24 -247358475
46 47 621142466
36 6 539690673
35 39 442327246
47 41 9354282
13 25 609798961
31 32 980188920
1 39 792832086
33 48 527237575
1 37 918415288
35 21 418097578
6 3 885633603
34 19 378347154
19 33 631197592
28 22 318409351
21 17 586040536
25 49 732933332
20 26 862474558
44 6 930310896
14 31 762823601
12 8 922760456
33 46 493244815
45 35 498706957
16 49 530957776
37 30 803068374
33 12 353192726
10 16 77573427
38 40 -450637333
11 36 79360436
3 29 831816066
47 7 280303206
