16 90 4 2 0
0 0 103435173
13 1 994116934
6 6 352058285
4 9 836290224
6 5 534838617
6 13 208460108
1 11 338775013
13 9 373421602
4 6 767808445
11 11 -487652483
10 2 306093716
13 13 294824797
7 3 99187715
6 3 558273065
1 7 930462996
9 0 939232500
6 5 70435755
5 10 591125088
12 0 478333116
14 6 56470358
14 0 420752225
4 11 992182140
3 3 812089716
12 6 170136967
6 3 447006043
7 8 800151474
4 5 511745074
8 10 77632237
1 13 54962201
6 9 731398040
15 9 375149896
4 2 760377788
8 10 832072682
2 8 313282484
11 8 836907779
3 11 548058992
1 2 -654773667
2 1 595950173
10 3 51682934
1 3 25256002
5 0 166269750
5 13 649477763
6 1 783708177
5 2 450403862
1 4 248199663
3 5 792594442
8 6 684747819
3 2 765176943
2 13 768658937
2 5 382688565
11 9 182999993
0 12 187945221
12 7 412807665
13 11 552898051
14 10 772807766
3 10 392189049
10 4 985945340
4 8 506386005
15 10 591195460
12 15 913507735
12 8 920661298
9 7 255978087
0 2 695222603
11 3 913022289
4 12 648009669
1 15 -397915326
12 11 813941533
6 9 -814626468
15 7 781290391
7 1 475829757
15 10 61768648
9 14 53800295
2 1 107654681
4 2 975902611
4 14 125272184
11 5 562295418
8 14 538139830
2 11 488694461
10 7 723303107
1 12 560297861
3 5 931267049
7 13 668788795
14 0 705556778
15 4 823344052
1 11 711086046
2 0 992092524
1 2 895738185
2 13 219883574
0 15 599875807
11 15 897417671
