41 134 6 33 8
35 11 203053353
5 8 505495929
0 9 141270136
3 9 -358439987
32 7 363960838
36 5 400390193
9 13 587695989
36 36 -738718466
19 31 749866876
8 22 96279228
21 33 939878462
12 36 549372778
0 18 634356770
38 14 588948194
9 34 161042385
22 37 737360445
20 14 348912450
12 0 949021645
1 1 778918783
34 24 179647345
18 10 395468963
14 25 181439358
27 36 657342938
10 31 140992610
33 6 355403147
26 6 1168316
19 26 121280799
24 0 272942126
33 37 515388904
11 6 286217511
26 0 772671928
22 15 472708583
32 17 568187823
24 2 453960636
3 16 339878055
21 36 758821405
0 21 741434061
8 11 444625017
10 12 712640274
29 23 357688572
16 18 270110129
14 34 281485561
40 25 943113519
35 7 469773392
40 31 178621735
19 33 747104358
18 12 52562198
9 19 446484959
32 14 125097874
37 31 889281498
7 14 557924379
33 1 511802527
36 7 126093833
35 31 648236364
15 33 917189677
20 15 77617815
28 5 233438991
28 33 95576849
32 19 446804446
0 1 502212210
3 13 53137699
1 29 809789604
36 40 367422452
28 32 862273527
14 14 608430158
6 5 -204272691
25 1 589681717
16 39 967081506
23 27 504459524
14 28 490816641
30 4 197720559
36 4 753163010
2 3 273713430
12 34 350636846
9 10 937324731
20 9 724055535
12 4 230283908
17 1 999752581
31 28 293780956
6 18 190914972
28 35 268057499
35 21 23688972
5 25 25958899
38 17 372031769
35 13 211229991
37 35 913864000
11 20 230203096
37 34 624976406
17 39 126547808
30 0 272892941
18 31 510927568
10 17 9415696
40 12 640508665
28 23 99887158
25 22 205976800
6 19 700720997
11 38 29545052
10 38 479489937
26 10 -12789137
3 40 127996188
31 22 12988077
34 32 9255391
13 38 889749160
29 30 95963732
9 5 856162359
15 30 746551349
4 27 864604018
30 21 935874553
10 8 -223755179
16 4 654508257
4 29 382603643
26 20 340752556
8 29 912551615
39 25 243542087
27 25 422511095
15 38 369348118
1 12 55148583
39 22 722013112
39 16 306167612
39 23 848995048
27 35 796564780
13 18 146623668
16 12 -679724148
30 14 824240582
2 9 844336488
18 3 406614162
7 8 701737442
7 24 198056875
21 16 27064384
18 40 190387975
1 32 859863933
27 26 237599857
23 4 392739652
38 2 539480897
