46 699 34 7 41
7 34 959220881
33 41 959081176
23 14 404687355
39 34 928521199
27 43 268639214
0 45 918800316
22 28 535575970
14 18 217050344
14 44 715519396
29 30 395515613
35 16 900094191
8 13 149476453
6 39 94180492
37 32 450093065
9 28 421795302
17 22 903823175
39 25 638526974
32 43 33731730
45 21 899217485
44 9 528362763
1 41 695916129
18 39 151354898
20 29 -244401009
28 7 866827225
16 5 647186296
2 38 -403542739
34 12 458020741
45 2 582142727
17 44 -516129177
45 29 -907636959
14 6 129548553
45 10 663316550
11 14 521358532
34 22 73574495
22 24 535455845
38 33 128558174
14 4 5548195
23 41 980493636
25 18 878012058
10 11 74454006
3 38 928899067
35 13 609921615
15 45 618663727
29 43 747542742
25 35 195400800
44 23 719361766
44 32 865665246
31 8 127500537
45 41 393988906
35 11 351040502
39 43 784634986
21 27 768284963
23 21 329001497
25 39 76321183
28 23 460464205
10 7 382588757
17 19 429895728
43 14 3094731
44 41 759570078
31 27 713026399
17 26 451131093
44 41 98293261
32 33 307985242
31 42 114121039
25 24 798773130
6 27 10921556
16 37 11501253
36 8 626217688
12 1 940330573
40 10 225585144
24 32 131155599
6 20 381459922
35 32 43101473
16 19 835827860
22 8 259178512
17 20 531208750
17 8 183889554
1 7 387810810
16 26 470209080
35 19 859728592
23 39 223353363
22 13 682863619
22 37 661909156
35 45 596921235
38 42 952071257
31 40 46251635
22 33 850137404
30 18 215499139
33 36 910375381
22 40 880094626
3 37 286894868
27 23 7177803
1 14 746299231
41 3 58729877
38 43 675260936
34 37 -282753853
14 1 -413764684
21 25 277051866
11 41 273186345
40 9 390122599
4 16 924350313
35 26 -873663232
14 41 988684452
12 42 905971642
15 37 981552208
28 7 321996955
14 20 401607007
37 28 935537345
38 45 830437917
44 45 782171440
17 18 560210984
43 24 642535692
33 14 -412474618
44 40 275656831
15 28 413576444
23 21 32753881
4 7 64000019
12 29 980093115
33 8 908808242
22 43 296010647
15 5 845713330
18 31 852383208
19 11 342185475
45 31 311455863
36 13 816849347
2 36 979220657
24 15 187657958
31 6 440531586
42 23 82685912
14 26 -39096252
21 15 399373859
35 22 559727273
3 30 881770311
30 27 381208182
34 28 178343832
11 32 679732413
1 11 312938963
25 19 632990578
35 34 98135295
33 41 54881769
26 16 170219160
4 10 104520922
8 14 135288840
7 25 756812042
18 38 363106177
36 38 239454277
25 8 899959695
40 35 124204779
31 29 936090215
22 2 436234746
18 40 104067645
23 22 712333222
36 0 673198716
27 34 872339430
39 3 576115238
37 23 754099328
36 17 160646906
33 10 670401744
13 1 799049725
10 13 314816939
42 7 873336032
1 29 762857776
25 25 703067579
9 24 274606385
6 19 133235526
38 11 533746068
20 22 320607283
8 26 647761702
26 30 425752002
3 29 484186797
32 17 145718512
36 0 688839060
28 29 162177101
5 5 634638679
10 32 879735740
12 15 729682999
25 27 412838871
40 5 447149475
33 10 460236035
9 22 648031562
11 45 616566640
28 3 261727861
12 22 779782232
22 25 772583105
8 34 667844615
44 28 634050122
40 31 1429211
27 22 246809506
34 44 645586585
24 38 318824980
24 21 216062895
39 10 718634087
11 11 499922208
17 24 464608475
41 40 130440753
37 39 592894153
37 16 683356446
33 16 884360026
19 38 856353286
41 22 187217968
1 34 784065624
34 7 453112372
31 38 308367344
45 43 714180794
10 16 752772193
14 9 741153728
41 10 955775
16 29 196855496
8 39 884749532
12 2 423798490
34 18 155515852
12 6 446053492
0 16 939306029
9 4 177948831
8 14 386777622
30 15 156249394
18 21 221222140
12 24 633530502
11 44 500662085
21 12 695265471
1 36 985495554
7 36 84275696
5 35 424835438
36 28 18745191
17 11 36771240
43 41 618919895
28 34 886026615
31 5 690874782
34 18 83635998
12 40 -342896852
17 12 246708307
19 31 -768835869
22 7 427973562
16 34 -517738873
11 28 467831095
31 1 243434379
26 23 741068976
23 0 915202031
32 18 833060729
18 34 504131892
20 15 792842775
0 30 819151084
31 43 888064162
5 35 523158363
21 0 373678197
20 39 451545623
13 27 523897297
18 28 648282068
43 26 679936035
7 39 324171506
35 1 894434770
44 2 483790740
40 27 958708752
12 9 664461927
19 29 427002311
32 32 462552654
9 43 681258049
16 34 943913851
9 41 746541735
15 40 349574587
33 40 702026459
23 33 399932899
30 37 498432445
21 16 675080318
14 40 125473222
3 19 160289737
38 20 584729862
32 42 190192840
16 34 886259981
36 10 304818395
1 37 333362163
27 23 199384370
7 31 670707312
43 7 -704766460
30 17 793153368
40 13 3576134
33 43 857691797
5 7 542521906
32 8 19768652
11 35 979252305
3 11 694602714
25 44 272457740
25 40 635853899
41 28 298285364
22 38 338522557
6 3 448885987
22 15 526517604
8 27 746279490
0 13 -993327776
35 20 57072468
39 42 107048999
44 10 224043934
8 45 745100774
35 29 746605876
28 20 366265168
28 18 83842691
5 2 743221761
7 38 352963104
24 22 181691438
34 12 89900382
17 21 345662243
24 25 156712929
28 2 714985899
43 7 481520141
37 38 442376963
43 0 395163981
18 5 993756064
37 14 604550837
43 38 889075655
42 6 753094489
43 4 341603779
23 35 451466070
38 32 184854709
4 20 332774636
31 12 284720844
44 35 93586290
24 28 330604654
1 7 830895222
3 4 255643505
44 40 680714781
14 15 215937969
40 39 815636176
39 41 854966506
34 22 177432964
33 35 985887387
24 38 174192803
30 8 647670766
35 11 43731742
39 39 323614109
10 25 814725955
1 5 707895144
5 19 264348071
37 23 851006158
32 8 720317445
25 0 85194398
14 32 940377508
10 42 192484826
34 0 797438139
18 9 99468773
6 25 914568205
31 16 253676367
22 37 779370762
19 9 960772937
13 13 934302049
28 38 446691963
24 19 661851614
38 16 53081428
23 17 706624470
42 3 274270507
5 15 -767512358
16 17 990832430
35 28 460488664
0 45 751739841
2 6 440872053
1 21 -137972747
9 19 763146709
4 5 478714799
39 24 355990991
27 8 655975073
17 16 360441410
35 12 295470699
38 14 755976815
16 1 241827905
30 3 239198959
44 18 -276914735
36 25 873753369
13 2 166375175
28 35 488300604
32 32 773696331
32 20 -366800785
22 17 639154724
38 10 525824139
20 21 690571519
33 6 445253329
4 22 228588381
15 34 335092797
43 38 171765392
14 13 475392492
32 35 -440503036
13 42 565727960
5 10 992801306
19 30 906267815
0 42 170788722
29 1 883235175
17 1 796229407
44 22 273396488
16 0 923432680
24 16 745197283
13 29 -691336228
45 37 500179139
12 29 728371843
0 40 153744057
8 28 493128101
27 33 684773837
25 24 463801305
44 42 258167214
44 9 638084273
9 35 395053263
14 38 412294620
13 3 -218533570
27 24 846440000
31 26 255822804
33 1 63048670
4 13 105209151
17 13 -629115774
37 12 482598016
4 21 244929788
0 45 955757886
40 42 330391844
10 12 361474258
40 22 338902200
27 10 43546595
29 4 189824770
0 19 592187386
2 12 93762314
5 26 689720606
40 28 202176062
6 8 872410969
15 38 550780931
27 23 524023737
17 35 333423312
36 42 55327650
17 6 714177601
32 24 -378812455
5 24 889656167
26 38 663811530
43 28 -120271912
11 4 804086643
20 26 388557944
1 26 911542233
43 33 915739270
21 3 310925998
3 0 761841150
31 10 403371981
15 25 467852322
42 39 396281779
36 22 436082213
31 10 337218363
33 35 420485138
2 15 220139144
10 30 292811826
23 26 966187558
22 37 518199806
2 31 592290449
26 34 256985788
11 5 811542147
13 11 509982304
31 28 562595024
37 40 373844986
27 5 466574340
12 26 832394169
16 11 812439723
42 24 149034862
5 37 998429641
18 29 250610171
45 33 699981875
40 44 340929300
41 19 549833010
29 27 91343570
27 30 168451940
28 29 660387361
37 42 668951809
38 20 917045534
22 12 303449641
14 21 498982651
5 24 540618293
45 10 454574029
32 35 609157943
23 17 -715122667
0 20 2380201
23 29 991727998
45 22 102979590
41 20 808003579
7 45 655821840
11 13 403180270
19 36 749998456
31 22 448323065
6 14 647884382
0 22 409656451
15 7 607929953
8 4 286678600
33 37 30995404
2 17 170371160
34 1 23164681
0 28 130399396
34 44 570291552
35 36 -99615252
10 9 253881292
18 3 495350776
13 21 810118037
8 12 28686937
26 17 530233354
21 34 899926963
3 5 -372694611
24 31 935044550
35 24 337892777
19 43 521627688
25 13 325900522
12 4 73973646
15 31 950639749
37 29 787161662
44 9 66358235
21 8 292411376
14 4 28065312
3 44 811762800
38 17 569957895
45 45 977198844
7 38 721156153
43 25 593466778
16 25 208827479
21 38 935225027
4 9 552754417
28 17 36525060
21 39 986990844
26 1 490420127
40 38 345336902
22 19 179287375
5 20 968154215
1 20 561222644
6 23 927001549
42 34 624936530
18 44 594331830
19 38 779560304
25 13 584418049
24 2 142770393
8 24 913024765
17 9 474055573
39 14 889656541
21 25 578942269
20 21 132555794
36 20 554338772
29 9 380113021
37 9 104507361
17 18 218420758
3 8 780840409
40 31 797307821
7 32 816548564
40 23 92409077
17 40 954946250
29 7 241072691
45 31 848040228
32 13 690401153
20 38 658051633
30 33 59064713
39 45 381679630
19 29 957612637
2 24 27724895
15 27 57112580
6 4 271213369
20 20 972103666
10 45 820456924
34 38 153110203
32 4 151649048
29 20 -770224230
20 23 373478377
19 13 437486404
10 35 370358844
34 20 320331116
26 40 778908179
16 3 416310025
12 0 771308488
34 20 731356687
18 43 30755173
44 11 508541456
13 15 757570796
28 25 818108251
42 33 362193359
25 20 332674980
40 13 302692137
25 35 976095085
40 1 686815648
6 21 382630973
32 31 956009458
45 28 867039118
7 36 284939028
37 42 103144424
35 22 806117297
24 5 618574274
18 30 979481434
25 8 288697710
34 32 681849402
8 32 30493184
37 36 417649582
35 17 354077967
42 34 604403982
30 30 755495862
43 16 235742080
30 14 185528935
44 29 984807766
29 8 776624675
3 6 891507767
3 37 414873819
26 34 969784484
38 12 -439704949
40 18 199297221
28 21 893480242
16 6 618416699
31 44 357493580
23 8 136971678
20 26 426820379
28 18 864077820
15 6 861776185
11 2 301748862
1 9 -605770079
31 44 393884352
14 43 780466032
26 28 47937263
3 40 706835857
36 4 865428666
10 41 870760922
18 2 129178656
31 12 679257339
44 36 778741725
8 12 77155198
6 17 -872397752
15 6 840078924
6 0 407626024
5 31 152826913
21 20 771187748
0 29 891322346
38 35 200071168
5 4 435229090
45 10 338103606
45 23 168273124
21 18 824815117
3 14 211685421
13 26 444995556
26 38 636497809
45 4 927963137
32 42 213761562
8 19 957735698
17 22 165208902
3 29 -575596358
15 9 348533075
15 1 894627130
35 38 299478377
36 35 6368920
25 38 29162136
0 9 478066304
17 36 18933539
45 27 851583253
42 14 44956557
25 3 594820652
7 41 -161634231
42 32 52749450
44 45 508617056
27 3 626746983
39 29 337163809
14 3 122918996
44 37 214279963
43 6 343257616
14 31 386786536
40 10 985860702
8 6 187212143
13 11 -60895997
13 18 735413954
4 23 679495146
19 7 373565651
36 44 21163763
30 9 920743238
37 20 804576388
11 18 708402373
41 28 156989238
5 31 182390083
32 15 551496433
43 36 347627930
38 28 653372446
4 12 289617988
19 9 140170633
43 22 932623384
17 14 522800225
25 25 540058558
17 45 728080587
14 11 199384111
14 29 381561743
22 21 27586273
32 13 879209268
11 3 704924258
20 30 268065913
10 2 650915733
13 7 643912624
19 23 195399048
43 3 496902645
39 22 884201436
15 15 898976074
14 16 102474883
2 4 271481667
10 43 298085191
25 11 782694628
39 23 989806871
36 44 294514322
27 9 403739931
6 19 56405999
0 37 39432599
29 42 54263144
5 38 173396693
8 14 143432503
12 23 796936996
41 9 929978289
