25 127 6 10 18
5 20 -619814103
6 11 327848014
6 4 618128710
17 10 337008781
19 12 986591020
8 21 601503934
10 23 583198358
7 14 -551499298
23 21 572346587
23 2 652984929
15 23 -255646046
12 9 340622828
16 9 714154332
11 14 709726507
1 24 346237123
20 16 366380517
7 16 126995754
15 19 -365990829
18 5 239299702
14 20 209521929
23 13 970338959
16 0 700040106
11 18 761650729
9 7 313070817
13 11 849859815
22 9 208069615
24 3 472210339
10 13 347275570
17 5 128859538
16 1 85299408
22 14 620667746
10 6 520406875
21 12 25213372
3 14 694253770
24 2 562353542
1 22 155640489
17 8 982209145
5 12 547504875
10 18 872585978
3 4 356953689
4 9 860102778
24 11 888701161
0 18 97043731
0 4 813144851
14 14 198194946
4 21 645701445
23 0 660801881
8 16 983288716
14 10 685245131
11 6 729451077
0 22 576173331
10 14 914469129
16 11 328038588
0 0 302225328
23 23 705569563
23 10 650964078
17 15 591188754
0 20 175904684
14 1 485617109
9 13 535549262
21 6 590444965
12 2 10773303
2 11 414227207
0 22 689834048
8 20 119715513
13 7 790664663
20 7 792184457
19 18 607990467
4 1 418610404
23 9 245106658
17 21 688271087
20 13 445963291
14 17 402965279
1 13 940973413
7 18 898862746
15 12 654505232
4 17 213338624
17 2 595007055
5 2 643195086
16 23 928742135
14 19 436802391
15 21 543039860
7 12 808757937
11 22 244637047
1 4 396375884
11 9 628842444
2 6 953182774
4 4 763010678
20 20 564407716
18 22 60339428
2 19 -415310474
6 1 308714550
22 7 783485491
15 16 446185503
24 5 286402670
21 7 65947334
12 22 159179193
15 10 513160322
22 12 583175688
19 3 485295561
1 9 627816908
15 24 516509050
22 3 47790936
8 12 264075751
16 15 67481794
1 21 834889342
4 0 983720161
11 16 250472112
24 23 887927456
2 18 82918053
1 1 160384957
1 8 766028200
13 24 904833901
10 13 -83773600
5 0 123367101
3 11 989886242
2 5 782505693
9 15 804660958
18 7 389024271
15 20 332239033
12 13 24777438
16 19 867971757
18 8 583254921
9 0 102696548
5 17 671445312
12 16 375823647
15 1 183720244
