3 37 1 2 0
0 0 713232587
2 2 840601620
0 0 781150324
0 0 118628254
0 0 77280384
0 0 131428006
2 1 269018702
0 0 402020983
2 2 923690623
2 2 203037662
2 2 205112207
0 0 729085257
2 2 842200340
0 0 407889125
0 0 451317172
1 1 574669910
1 1 629867599
2 2 178251459
1 1 102767567
0 0 934767537
0 0 243523320
2 2 274038721
0 0 518733076
0 0 938905090
0 0 59673513
2 0 -956031376
0 0 486710484
2 2 270032080
1 0 390391780
2 2 704459345
1 1 846381402
0 1 674485707
2 2 885093764
0 0 309965120
0 0 717738199
0 0 178586874
2 2 341263370
