22 57 2 6 8
1 18 521476701
4 14 887327250
1 21 705102774
5 13 171671226
17 1 447876846
3 17 566215924
6 19 8438102
10 19 946039794
6 0 392800855
14 14 298866266
21 4 839508127
20 9 994948910
7 12 698989480
13 15 314867402
19 13 614455535
0 7 29520251
21 16 292813960
3 15 786456932
10 2 287495442
9 16 655420989
8 6 793868537
18 20 629958426
20 21 789942494
15 1 876172581
16 14 982095627
8 4 525829701
14 8 289032481
12 9 64133013
1 13 871903897
2 0 -271483001
1 0 329627697
11 9 971092044
8 12 678231381
15 18 312793365
14 3 828530811
10 5 355867427
20 13 536198222
16 8 100057638
1 14 275972393
13 14 807110296
13 12 910154999
17 9 941107686
5 18 385056180
12 21 675353260
1 10 776920246
9 5 534335687
19 11 120843905
12 5 114761763
2 3 724176006
0 14 997066421
7 11 937000766
20 12 165673074
12 13 265771723
18 17 813551220
11 7 -929531998
5 20 925793718
7 10 225393569
