35 148 7 12 15
4 3 452935444
29 24 842705850
8 4 252945872
15 22 844631113
9 15 909338160
30 15 981439951
3 1 277697008
22 27 817282349
14 11 203881355
16 28 -156455787
29 3 200902411
24 30 868051176
7 25 452143468
13 4 197355794
33 25 670354487
32 2 554395049
10 33 492768099
9 6 363683766
18 33 339470513
24 18 675704499
10 15 533780007
10 30 194509406
31 19 486161871
13 21 479060753
19 7 852040827
12 34 133844619
2 25 596711977
0 8 613886031
23 21 754566064
29 5 202376426
5 27 553128439
19 5 773905184
5 0 347179101
3 7 617167976
10 2 441747473
11 23 -440585736
27 18 821181164
21 26 870359694
31 4 477317134
23 0 110348490
14 23 596872914
0 31 732035578
0 12 47954936
27 29 996421216
1 31 728720530
5 2 490233452
1 7 276051760
18 5 664787464
32 0 305789070
1 14 330282875
11 33 484422225
28 6 300725845
21 14 750318826
18 6 294159105
26 3 221316104
20 27 793433177
24 23 458725438
5 31 860071460
33 19 304505557
2 19 218468495
1 22 598502523
25 1 835763795
15 3 965429407
26 29 85234021
6 24 485245782
19 27 24317309
24 34 280609269
31 17 805239515
25 0 171538770
6 12 860531890
31 13 991061800
29 13 80005124
18 26 309115642
7 13 583265932
7 34 470696906
20 6 254497323
20 16 -859793867
26 34 606091987
27 19 221041030
29 14 709186996
24 32 987849022
4 23 767564522
23 17 542161141
31 28 85495915
28 19 687877559
22 10 161897044
19 23 879279829
6 34 694801696
12 12 629376582
6 21 22873596
5 24 201189994
9 3 587760150
12 18 549857525
26 20 798690951
30 17 183822775
8 27 858151982
19 8 271127475
30 6 930162238
21 11 6038589
30 3 225651396
11 8 415563612
19 3 730132122
22 31 780962831
13 34 840958463
13 15 156652548
22 19 475713448
29 20 333171798
6 2 780316048
30 26 460677071
14 34 264720248
12 12 944480325
22 16 153297065
30 23 122056880
8 22 -989801330
9 23 932648294
7 29 21582848
30 20 673312142
32 1 576009268
2 16 216763655
34 4 734909705
17 11 262885812
1 26 467342213
20 7 -306251415
30 21 553815440
24 26 702450698
17 5 314776189
15 21 383233649
9 31 465747320
1 17 45542597
34 23 649941897
0 0 903731070
8 10 360030854
27 32 738927282
34 29 861031315
28 33 80035330
34 17 -632644331
25 30 497014184
3 0 67105200
4 15 398826499
3 18 400268037
29 32 959727404
28 2 917344709
33 9 998786650
19 11 -577311514
17 8 115125593
34 6 708508996
4 9 15436803
16 4 356740544
