29 97 4 6 26
5 13 887627357
17 1 267683999
11 15 324800586
5 21 267958139
21 6 -703186667
1 18 230759446
27 1 986009186
2 0 848106716
17 4 169959969
24 7 741602291
9 8 940452514
17 3 830920567
27 0 400854854
20 15 547845517
11 22 66878642
0 14 967353303
6 0 801563365
21 23 768163274
25 24 781434060
1 17 832511422
10 13 99953049
15 22 203614267
28 14 96457485
15 22 329587572
16 9 723564113
9 24 474993057
3 22 860377482
7 10 989682508
22 25 597500629
10 3 -136851725
7 23 652682075
13 7 625186304
20 8 695929770
11 3 77741093
16 7 504063528
7 18 -624410619
19 16 679752977
8 1 697360007
20 13 702008473
8 25 11083729
21 11 252318137
4 9 739839466
13 16 733174591
27 25 363936746
6 9 564031168
3 15 56174816
10 5 616610333
12 21 893483375
13 23 765319918
23 24 74915005
22 10 362412355
6 19 990179957
28 26 655712316
18 21 403911699
4 2 202173132
3 2 668220642
11 19 554900362
3 14 257804249
27 15 703308082
22 26 773293866
23 27 736715136
24 24 556011878
28 15 945124128
2 28 968985258
2 17 57733910
27 16 722671895
4 12 715412635
0 12 996486455
24 28 670273416
17 10 184032543
12 26 -13842075
12 20 970143082
23 4 369584045
8 27 85777157
12 11 845309595
18 12 580520604
26 12 80717562
10 6 877404743
18 23 431355919
19 9 200906799
6 2 433899092
4 13 322122704
11 20 831899489
16 17 273001732
23 5 59043333
26 21 840298931
14 11 954502307
18 3 723425129
2 25 560243342
1 16 157919421
6 17 347993618
23 12 206604353
23 16 687601322
20 2 982320200
19 5 67880803
13 26 652010446
0 4 361763336
