107 5663 49 79 75
8 55 109673063
61 3 366541833
94 96 886961138
26 57 829554853
10 4 529495742
5 20 274980125
17 8 575829598
50 81 782713697
74 12 167521910
31 23 750724894
45 21 598273081
72 1 15396719
76 16 558114953
18 76 532546862
1 86 163295850
82 81 951960226
58 74 609695659
7 12 544765022
93 34 678860606
27 35 538877980
11 81 721317709
24 72 710196292
8 66 789729186
95 28 679967989
27 53 851533449
68 93 950875917
55 101 503222779
31 17 178022413
89 70 571886901
95 91 940352313
95 74 857612371
26 81 834405407
80 71 988733538
39 67 507769711
23 5 196841589
103 48 194577084
47 11 132974054
22 4 401890377
42 102 279777015
46 15 127476892
41 73 356617854
20 100 498515499
39 15 323621995
63 36 727537262
92 24 488532610
23 41 106676570
42 60 689449056
71 70 478573592
39 6 47501471
24 85 641292028
68 82 490859196
76 96 263262778
60 64 578348491
44 52 252211241
72 56 595345445
93 22 648194043
36 64 523205206
1 94 368757785
104 103 793642571
81 35 367178248
33 69 377280108
47 69 206206632
39 27 297569709
39 93 550125658
61 73 130584616
46 63 974199555
63 3 124685336
95 84 968290758
70 4 692326481
48 45 564592065
44 84 115959504
40 6 819619286
40 73 653277084
26 58 336855036
63 99 94908660
59 28 126723234
101 82 527467379
57 64 363554368
9 30 588610617
20 50 850643464
25 4 100907104
87 105 768945999
87 45 903349297
38 78 873612796
65 74 339412293
67 55 647020896
42 52 -815478246
32 6 915805854
92 43 899774461
14 28 938675438
61 91 830252280
73 94 129505524
82 80 882975851
25 22 921805181
77 19 177297620
98 36 842270792
47 102 449608739
74 52 784059280
47 18 387771343
25 55 558700588
57 96 100153289
24 86 199829385
93 43 273250416
99 37 751263368
58 52 844765382
77 3 338812430
39 13 206008331
86 65 258591647
29 76 891171684
1 7 469818022
62 50 612721710
82 72 467900486
15 42 112292912
94 97 26619291
38 35 809939847
67 103 182806847
74 40 432328019
85 6 628802537
81 25 296186265
49 52 578315800
36 83 83074847
12 27 959556725
97 60 360659326
69 101 756744608
71 31 887199710
14 52 217997847
99 11 388969555
0 56 685235214
55 106 297369527
57 53 345038364
64 55 470210380
73 55 408637173
35 93 485658300
58 43 329452919
78 90 -253779787
32 81 591208666
72 59 241796161
82 105 35755716
80 66 695350173
0 88 360943658
16 8 117828324
54 102 569732851
12 0 421941304
100 31 837937102
15 37 631894216
8 76 501533445
80 43 871007584
26 93 925154772
4 71 558496386
14 99 273882904
87 100 943510828
101 104 701341160
6 32 679176997
57 20 339295564
24 41 388736930
46 28 738154474
90 26 120795357
45 57 888156595
76 26 726019263
25 61 650594225
98 40 319966290
4 34 12635478
81 59 471466146
68 88 115078825
81 24 71721928
71 92 244228421
1 93 328350018
101 28 252377777
42 64 781039439
106 7 559692761
43 82 655429893
51 93 565460708
16 22 411973377
94 89 655868994
97 16 681331227
106 2 603235834
56 78 476858232
96 24 381429948
68 103 763262884
71 20 863692181
1 16 997523518
26 32 480522769
87 13 577974724
97 26 367009507
43 80 430824408
43 89 94039789
0 72 453184872
10 17 548209763
61 59 566427293
19 7 127213383
103 27 231667252
21 52 272992446
5 31 90642103
0 85 291523196
34 53 880361122
42 15 898391705
37 1 17711206
6 73 824411947
97 58 149042079
27 39 554886032
24 57 326675717
95 45 450594395
44 48 483750073
63 29 314627069
26 106 379489075
36 70 786340451
54 6 666815056
31 72 18413132
68 51 623780023
75 93 471871690
78 98 684085776
33 56 311742879
21 45 763748825
10 59 991392676
0 18 169706104
85 64 57888725
106 13 664837321
67 25 445870774
71 88 708576355
11 30 534974679
93 9 652398407
55 96 445923185
99 72 587239859
16 105 588734370
97 56 35558232
23 105 662012870
44 28 296394034
100 24 335831145
100 66 492621342
25 27 126887565
93 61 437577025
18 62 746925529
56 66 308825555
82 92 63125504
72 27 545040838
62 13 128066928
27 78 597065260
63 40 645875954
84 91 524096837
25 102 213086220
94 74 176049585
69 32 288656166
104 99 761246889
91 20 39547847
89 13 27725527
4 7 349909426
7 103 678133278
16 42 371818984
0 20 864932149
85 9 643536520
67 61 613563836
80 3 668093905
89 65 937673888
23 92 932130446
28 18 123443676
65 28 3729864
8 41 138046188
3 56 38500815
75 35 869139057
0 21 625335678
28 15 546419465
31 37 350404725
81 33 485779384
21 9 290509304
41 18 607823463
61 4 685837248
36 37 230028755
42 97 717529800
48 79 510150826
42 83 428956819
34 72 20181989
78 37 224168287
54 32 356543238
38 33 384603563
71 34 383041198
91 25 851844119
69 5 554194472
54 22 989157189
78 42 896266533
52 37 842577441
82 22 520043427
26 87 55353764
82 52 544718271
51 56 972395576
27 51 864932512
43 18 667653433
83 1 945060791
72 30 275276964
25 69 246613491
104 102 605652335
74 21 499609554
41 105 999560587
91 32 344645433
82 66 456391243
71 14 7816969
21 87 353372772
105 2 843230367
85 93 931570943
76 9 799709963
37 65 98571138
4 6 172198438
26 65 575744985
37 98 271328214
74 61 11241413
34 4 141187336
58 12 530995816
72 6 919025976
42 77 148595240
10 96 600954995
25 94 300391575
88 14 435376560
27 73 224521883
62 9 379347013
34 58 551777047
102 80 98659112
39 87 133626497
59 1 183351148
41 22 840821134
17 56 808886427
75 42 726855103
61 97 281122934
65 22 890073962
4 62 268586542
44 43 105212400
45 81 185956471
73 51 126260562
61 77 244005815
36 5 860310514
86 38 979660960
44 89 796897977
68 58 531094378
79 53 174498782
39 29 976754353
49 103 96406432
33 105 803243275
101 71 900141195
105 30 73205586
0 31 225837857
106 24 78795762
85 91 359955786
7 77 790120723
106 75 97652902
2 27 777175447
80 81 650404111
5 65 278855972
70 11 956036967
80 36 161731947
43 39 744982060
64 105 136915200
41 16 62553810
81 9 836883838
19 68 817591255
76 37 432608017
61 72 797393587
39 97 740226639
29 48 426888715
94 22 515827627
81 45 529250350
56 42 435280516
2 91 52714911
85 87 185370775
36 61 915348914
45 88 615868479
101 5 88984031
73 24 87936959
13 75 182148356
64 29 11811496
73 68 98787895
35 4 838603275
78 60 469826617
20 14 412735203
29 13 943350373
27 50 167386564
37 9 827790256
76 38 550034571
10 3 967616271
59 40 646712342
33 59 349392151
80 78 217802971
39 100 145322560
70 47 928479742
5 67 446681412
105 87 595360904
67 93 260275288
44 67 41845104
73 33 439031669
16 65 292336731
35 104 764189877
39 83 746470383
100 22 967719204
70 24 540264891
59 60 133651271
2 42 299723417
77 1 299659880
9 35 990372018
100 12 468771295
106 48 257930691
79 15 276106887
4 51 681225902
99 54 878641309
61 56 623552985
0 79 331297709
31 21 670020513
72 61 852033835
78 30 20032502
58 51 972622830
92 38 490896324
61 86 777518621
64 10 749680585
82 100 474192064
43 19 675046380
88 47 147315405
7 42 412579045
89 95 54219487
15 103 351872468
49 97 906523242
45 106 128815454
82 14 330776229
40 61 587216047
6 99 51551967
39 30 871911054
21 55 563226447
13 64 135801922
97 100 687603430
38 10 51467688
12 47 24438972
8 83 61144972
89 79 416921142
15 17 35345693
36 38 547255302
104 90 245394954
46 42 565245484
37 56 902732890
72 47 887631778
4 2 933216738
90 27 144009367
83 95 62985828
101 84 446962354
84 82 202467107
62 24 951116404
93 96 90028784
35 86 308982960
2 90 369967948
72 41 970814799
56 73 705552762
60 6 621070225
44 49 590605690
13 7 742322626
44 69 361254587
19 8 786814158
89 29 935919076
87 98 128744934
100 1 311808218
80 79 538565899
60 33 157973808
50 103 267611514
40 57 835254505
32 58 701894241
81 38 756643671
51 6 595308475
52 51 377590312
63 12 132995768
18 51 524390482
0 33 298717165
35 62 472112295
89 58 207484346
88 50 632544581
37 49 167343800
90 77 672945900
47 82 970366852
35 106 877269752
76 85 655236910
32 42 270872203
68 4 967199301
64 42 644208711
84 55 480113447
38 29 987802562
45 99 678091807
58 86 911799226
92 17 746875506
0 57 506396341
68 19 358276498
35 64 367251469
34 40 913272268
91 51 750451263
32 9 382954057
51 50 764795108
33 0 412626416
83 11 877799672
55 57 422013838
23 77 155179387
66 21 672032641
101 53 387964620
45 8 385760288
43 79 203021191
77 2 360525816
69 94 652306714
17 29 626232913
13 44 739742810
66 55 971370458
17 23 933956000
2 39 622826835
11 20 154294657
68 64 265605328
30 92 629013443
81 94 995512341
83 20 933384053
41 63 383966259
93 47 317349732
58 3 476639943
64 77 328857317
83 7 491645964
38 4 336480757
61 74 564754551
25 65 951475071
80 104 705188776
1 97 825811630
106 54 980852347
86 2 26673652
37 70 965247829
102 100 553703575
85 52 981239145
94 26 129566017
72 21 241142319
6 67 979509700
27 29 369663265
75 38 -962218804
7 43 761558382
57 103 773588650
25 42 308601529
67 13 475219540
7 27 783529179
24 37 218998847
0 102 86186400
97 74 954933289
86 16 239179487
79 6 238417848
72 98 409929185
29 57 289949216
35 43 506786034
99 49 95727427
72 35 30976266
21 99 243679571
34 74 670666676
78 100 141879530
23 104 216779538
77 96 828446015
22 83 50743123
4 52 185486325
96 20 336981480
39 65 172182589
93 40 864203341
53 89 355729321
70 13 516106276
67 78 876021680
16 71 660008894
21 41 948626650
17 87 819784311
54 29 909163095
28 41 14712168
19 38 148429911
24 6 939202769
66 64 653409211
63 100 244811711
71 16 837909028
67 99 757981124
13 96 508359685
46 79 129994383
76 99 539461611
21 43 505076909
49 0 984617976
58 28 161908925
53 13 802686526
69 13 398820956
103 53 122242716
11 85 293475887
82 46 727898329
38 94 441797672
99 58 790450734
41 52 701585337
56 81 690837470
2 97 874275943
91 101 830435062
36 103 376631782
78 4 66507414
69 55 95094438
31 11 577409878
100 79 894326954
37 81 571568340
17 7 531775294
55 76 348117963
51 59 512204016
32 44 502444633
79 78 966749643
103 67 483440542
102 4 465015399
2 30 690451115
9 39 573474762
102 50 86253713
93 17 575043751
93 24 335365641
93 45 841053985
11 39 840820928
23 45 703679459
18 104 611369835
27 104 718343079
92 74 855860735
38 30 540614433
79 105 154649369
50 27 247431787
38 39 793734155
5 35 658397617
46 81 368034932
75 79 221883224
103 60 815643337
102 22 820746973
8 7 628275297
33 26 315174804
22 1 197265989
19 82 9563726
14 27 711043028
45 65 613014743
57 73 389669632
48 99 291697030
16 61 103354035
22 95 946352298
92 84 27127767
77 65 908630347
91 76 521921636
43 0 512286701
83 72 158494971
100 67 225907952
19 27 723843685
84 88 430988163
10 60 956981740
72 51 957177054
56 82 470585242
72 9 888609465
30 46 138761346
86 8 268955458
42 76 95687279
42 58 556189540
16 46 453142682
49 78 929762889
89 67 739472914
64 28 568919954
37 85 563003144
33 61 501621283
50 7 367558719
97 20 780511225
53 41 470820453
90 104 801346335
15 99 659155551
17 100 414278747
51 16 714925853
88 31 770409608
51 89 290223563
66 106 531490147
89 104 238476924
83 70 893069677
70 72 589585014
43 12 735528893
6 83 68039273
34 28 947580033
25 60 319562256
6 60 315598920
33 28 662278377
66 13 595518788
95 65 251427165
27 1 332920495
102 104 438340475
25 56 457410675
94 103 140892490
54 41 829962235
5 7 335444194
74 73 563032870
83 47 230046277
24 46 531314975
38 96 390672427
24 4 201822359
29 44 187161084
17 58 848204484
22 33 800263015
44 45 176391876
59 20 33735581
88 49 728771771
22 68 587211846
96 81 803297486
69 31 323493367
48 6 182151319
103 97 827939071
106 16 957310516
93 98 189999200
106 3 914943374
105 68 770739440
67 79 512656713
46 97 285369232
62 89 172396440
7 38 344725712
16 104 30526373
103 4 884787951
55 43 699194887
1 2 268234673
3 97 187085000
43 64 174294238
14 83 998280904
35 89 914987265
23 67 356278183
75 73 422857150
86 59 783156951
42 69 712096005
10 71 230821310
62 33 96905002
18 16 214096689
64 41 500498794
80 75 389351293
3 66 564175364
5 21 396981473
94 38 115245993
100 56 399922004
87 12 136992859
88 15 469705119
63 86 48934010
36 13 799629848
60 2 825172194
59 98 190271864
12 55 530666413
35 85 277950247
22 94 290719404
70 46 350051909
18 69 717006804
31 47 127229667
18 74 224818997
50 3 153124223
1 78 229528836
80 99 658083213
106 87 884103209
105 10 380302418
62 58 13666807
45 93 167324449
103 101 19677798
29 83 574696475
56 65 772691977
66 79 749410472
13 56 378446690
37 27 90154210
34 81 431407607
10 45 287918733
65 100 800995820
82 21 237453057
103 66 188625880
74 60 474934613
20 78 152715233
47 49 185664645
18 53 747015780
13 6 99928609
73 105 204374444
99 52 340197338
26 1 916273439
95 64 885908073
11 80 254349738
66 22 764138029
105 24 82244575
46 49 738331783
95 24 433518850
102 24 450182198
99 69 783873734
86 75 632225831
105 102 781440901
2 56 215198631
5 51 567647545
47 78 939028989
67 76 513075118
17 98 468903113
14 79 441563988
41 104 867650098
11 43 996507233
46 29 838453146
54 58 298020942
1 100 401550721
44 26 672251588
104 81 367293907
56 103 32163540
95 31 849528233
52 38 630472813
73 63 890839447
68 48 405202251
68 7 358913384
1 58 996497653
72 43 198922034
45 86 752730882
56 33 -990726352
20 22 63249861
44 51 -555737427
4 69 619892325
7 66 347433499
25 44 661238759
28 94 849595625
5 45 861879979
8 45 450047120
16 19 202244811
61 67 122716053
62 94 432415546
96 86 970467893
34 100 915032904
56 80 265975548
34 25 653027452
49 55 159285231
6 3 691544430
102 43 30415716
73 5 588238777
34 42 972086004
17 99 726239133
54 106 807177756
20 36 743849497
30 99 -301850084
95 19 285605106
102 68 43938826
94 83 -434785735
23 101 870152634
44 61 276324719
75 56 505430999
49 104 568670150
34 97 69683623
57 14 558830918
86 61 158111377
22 56 377671653
96 22 220319857
89 9 854613951
86 44 479502952
46 105 849212557
40 103 766609381
15 9 781981907
75 47 357107762
34 86 989987325
56 60 56169508
49 90 250779538
34 39 948283569
40 58 192098410
93 59 725716006
72 46 881413348
94 100 679219616
9 13 210974613
91 64 129366390
59 91 789095181
97 5 988618738
44 37 915567202
83 92 741371645
26 77 342829071
27 4 718364848
35 61 923845510
67 14 691648470
97 98 455312030
44 59 758534105
78 40 231711423
62 31 260110584
6 74 89707592
79 85 360501663
104 94 970312448
44 60 616242098
51 39 128607666
92 80 989467889
92 23 851264196
34 84 315076389
41 87 842606849
58 29 957221720
29 43 12445850
45 55 832290150
85 56 907365339
104 32 534846268
53 33 541506182
28 43 992916503
25 30 391023329
30 78 14251375
51 77 134477025
24 52 694272912
16 12 484089598
20 97 780452400
26 55 634987560
74 42 240097534
22 36 710440976
2 80 728532482
105 72 62561196
23 9 217821896
103 18 926484631
29 33 574303069
53 19 402055671
37 43 10319087
19 45 279398611
82 102 107676114
40 24 548325865
25 78 302226338
61 49 511322696
20 24 480999455
49 67 652921818
27 99 72769335
36 20 332871206
26 40 825835685
45 66 514194240
48 75 26729056
6 61 20359287
49 33 914498987
80 98 414283745
92 57 -534541950
93 104 697635088
59 94 88667155
51 1 704852324
96 29 572604507
72 10 89729493
41 59 997723363
68 105 25815552
87 86 272023136
8 34 739517439
58 65 567076410
34 105 39755069
32 41 993273589
53 64 646902082
73 56 76073476
70 36 991683278
53 12 763761064
0 71 310296694
46 39 194116088
92 30 654105925
95 99 57241716
71 40 406762444
73 21 567843344
73 100 542601751
33 27 374815788
64 103 46204639
68 79 273792677
59 61 666265642
95 83 648458650
55 4 996979604
71 66 620808498
86 72 645275030
21 101 124994560
97 47 146896062
69 23 403846860
98 102 830250264
25 12 833930347
102 67 559025654
71 78 892067451
84 1 317617760
77 17 231924031
42 49 592892194
11 38 625841535
16 56 142395950
26 102 477843429
65 30 363139845
76 69 948759166
52 82 859727144
64 69 918837169
96 85 273531246
72 15 392740338
38 6 215792584
105 32 745335706
85 38 378876294
42 10 380019184
83 33 191163607
36 69 783513415
75 20 888623944
92 28 648318094
100 36 711394611
98 62 685131847
3 53 525225066
9 10 177005323
101 93 587133126
49 15 346829024
16 93 535623501
66 20 264925787
27 101 736905342
42 31 610017051
60 38 69776960
21 14 180251683
3 38 60802604
4 101 103249342
106 9 808873510
71 50 146425581
35 75 81305939
39 52 107082804
26 78 581492397
70 55 962483600
25 87 95352865
86 35 856321441
84 4 900901954
55 68 891584123
74 58 47706171
99 98 815878159
103 104 28540254
41 85 791853946
65 63 575581824
84 80 900675450
91 50 345321171
57 36 731099959
5 91 295254581
15 67 996599505
104 20 729424277
45 44 105222423
60 45 23959461
8 97 966637498
101 69 557590304
56 7 106729236
31 59 107355129
80 12 190710649
87 44 997761036
75 36 582871165
6 68 335777890
12 75 792008206
28 64 842166788
26 53 929509317
0 62 986150931
5 64 895323177
34 102 332029143
49 98 337459543
75 97 997095345
93 32 654109940
38 23 319127233
23 68 582429211
93 56 606412874
67 56 108151997
97 7 957356256
1 44 832560147
75 70 817743711
103 42 441008582
78 58 231652129
42 56 61317189
61 103 552203263
48 100 866237936
23 0 71019281
91 83 198074626
1 68 75295672
12 50 368160788
62 54 767934072
51 96 720504923
100 71 993144286
0 30 998456265
69 50 662316638
104 38 638767258
86 20 173269716
84 98 893378383
29 103 427092405
96 90 279191677
16 86 802124753
105 46 26097508
14 84 217596052
60 42 90619258
0 7 720560499
103 20 872260575
33 24 99420242
59 38 307698808
33 72 671543105
30 4 395040317
50 2 987214077
51 83 435109721
57 59 365866960
28 65 15195223
82 106 103496061
102 11 749609950
10 88 200439438
78 11 982495855
32 31 371595185
14 81 316378840
58 4 458265030
84 28 14884134
9 69 417832020
66 47 303299257
68 38 928031346
22 78 187290972
47 68 860583387
41 45 519979030
10 39 335826305
34 79 272789341
78 14 744538354
47 44 92529282
3 90 614353003
66 29 243027870
80 26 60848226
13 87 876283969
16 25 131987011
4 50 584047032
20 10 263427485
92 88 323507993
14 70 330138688
73 16 114113465
86 56 125310787
20 29 879323007
101 54 94319281
55 18 403545454
70 77 566330991
11 101 834808134
1 13 20949566
51 27 655139578
92 89 425963671
97 0 345685372
25 35 90637649
52 36 592287423
26 8 467689816
87 36 543167897
92 104 659687378
13 17 283237540
64 93 303210925
37 41 485593990
30 15 932555028
12 104 597327008
90 56 702026118
39 64 797737793
90 81 565204014
98 75 90377164
103 11 43473423
14 20 342543240
17 85 689075508
41 103 127713173
16 73 831067250
99 18 550759960
61 42 257264039
51 13 373758863
32 20 833811828
61 29 617801480
93 70 85615195
85 5 979316637
96 44 921476132
77 49 966560673
101 29 647133308
34 7 304581449
92 66 697949533
13 20 491518297
63 74 355012843
96 35 11555411
21 95 950763229
97 52 438802956
28 20 333842019
103 24 78662561
76 82 360707279
51 47 153063717
77 72 493929414
12 100 797426615
78 83 614261370
97 4 789351293
31 48 442031551
75 19 564083255
50 35 595801747
19 66 952147007
97 68 208066610
61 105 325950237
57 3 750459906
56 102 102598759
67 37 627088005
55 34 897229500
52 98 683561937
15 77 216893910
1 61 940575771
17 48 205439054
5 10 615583121
39 41 279852673
4 102 753605602
48 4 222272627
74 100 854889179
89 92 503956265
63 34 230722471
82 59 417359448
92 54 816130672
87 102 816509436
46 94 20528583
17 91 562879770
68 45 880705540
44 15 417978185
55 80 187830633
59 4 947389281
20 2 806928409
42 21 192938204
72 44 80818896
101 11 839699160
69 0 898592428
31 98 23657252
24 19 221835122
37 11 994152764
15 24 699883195
22 20 684750512
43 76 537871352
2 16 846183538
74 85 67534046
4 25 426619156
67 7 196157542
17 68 138048455
92 9 206505193
43 93 736959977
81 41 940103992
63 64 586380883
51 19 345093835
4 42 99659617
37 45 957742441
65 71 22723810
0 65 676228675
31 49 622476708
18 39 636387650
64 47 895778638
38 85 545373542
38 88 617859721
88 95 455900301
89 105 753726340
97 79 126366529
29 46 625623896
91 31 510477355
96 69 662135671
15 64 452043729
79 32 15274892
100 9 254897662
44 6 557666416
100 48 568131940
0 50 303593933
35 95 802109817
62 4 389183370
22 57 996322059
28 5 343591553
103 98 729407045
3 16 915888050
30 77 875848359
1 77 189168672
30 69 678980892
8 32 579765115
0 5 757483383
16 23 799136
17 88 302072414
10 29 551787989
75 50 -123332859
38 98 451808677
76 1 230230997
57 26 428555513
27 77 576088420
1 18 78845333
20 58 251656491
33 17 630068276
37 90 62727753
43 91 213365921
15 73 930658716
0 55 737230434
80 60 415126799
7 64 499689379
24 98 933238424
9 97 167079454
94 9 488878287
40 69 911591830
62 5 656087791
89 85 379362398
104 80 854416730
2 15 625512713
7 74 16226330
53 83 128590337
32 17 864355125
106 36 514447061
35 30 66650545
102 9 38292880
56 29 179723603
67 102 277165887
9 43 745292112
5 52 500177123
96 33 919886032
83 21 789350865
2 72 67251107
79 71 860181994
48 41 544777005
35 38 688763952
40 80 358391140
94 78 858242357
76 29 681791302
18 105 197857872
29 54 433986457
49 11 434904967
59 62 522999591
91 27 158301832
20 79 691904380
20 43 939342910
46 11 424141210
52 16 515131279
8 84 784983839
76 46 629974222
66 49 257531536
88 8 713049971
19 31 744752117
86 80 815646224
6 40 269584047
71 28 433181919
47 66 570103505
96 50 188483489
2 19 138924936
71 80 445740096
94 58 993133733
78 103 900593224
56 38 177987109
40 63 821121291
26 89 717114191
105 6 164103846
12 105 671655382
13 55 99011228
82 8 461605367
29 67 821824460
15 69 171614680
32 77 728861793
88 33 411642762
39 66 751453761
97 37 656727886
13 24 128173960
14 12 202067386
20 70 439825636
28 17 841729030
17 90 351516306
104 44 310298072
29 3 754895368
73 82 458324989
43 106 312411489
64 96 515297887
78 7 998205568
59 55 51812784
23 4 745470361
77 51 10804757
102 95 935018652
40 41 368189939
80 7 292597380
46 32 918686246
54 50 159800477
27 103 680542497
93 29 666482364
103 93 562441254
99 68 619396344
61 15 421175850
31 90 441790472
38 100 947085009
48 53 641801953
65 35 849546938
88 71 967946580
46 45 965139362
1 14 392953695
7 104 404060185
79 80 506807941
44 38 913879524
55 37 733307943
102 37 141795244
9 89 365895879
52 32 330124749
31 71 370452058
3 11 249717509
9 44 223143531
94 50 626499222
67 80 70717804
28 26 640163623
35 5 425825896
83 100 581547089
1 5 692865692
43 50 417908938
10 84 196363228
82 56 49426569
27 90 473032855
7 57 458289279
79 47 828186447
65 87 983281193
100 30 555867759
83 54 904593716
64 2 523782527
102 82 658157337
70 102 710701509
100 21 704456543
100 11 895132561
69 58 7524573
27 100 550290011
78 1 428041175
52 79 806380221
31 52 737819772
82 61 83007820
38 19 666722139
39 105 708758227
2 48 630989513
85 76 172630212
29 93 556198005
10 50 386626113
93 72 503039169
72 12 557196157
67 69 511003472
98 13 292355442
96 67 454296837
89 64 482053026
90 80 629867569
67 9 635310254
99 63 5944048
16 76 821036953
104 84 41139971
21 72 261267281
47 61 324535174
60 47 551963956
16 44 884435674
81 12 369651249
54 79 581566248
14 13 284763288
77 20 101463362
7 1 93291069
43 33 11367411
39 21 716627884
6 56 821071924
59 57 488298388
84 79 -599764207
5 2 -666295497
43 73 371318848
31 18 323635009
64 54 981965687
62 25 997366881
92 79 819798468
29 20 597500761
45 16 463873646
80 46 701199274
29 91 365950681
45 6 820708627
91 26 830394961
85 90 514253852
42 57 10950438
87 71 862727157
24 29 467104599
22 44 983365688
77 55 614945347
96 72 342374728
78 2 13769728
35 24 128696376
25 91 506212452
65 18 502571095
17 19 176021886
38 51 629684390
35 101 65994657
24 3 612061678
95 18 26344014
32 94 775471184
81 58 586721427
54 35 582602899
79 22 95594854
96 9 511210230
73 28 63805000
105 52 803887581
46 72 568899843
2 77 139895911
5 106 211689748
63 76 781612800
45 73 561607133
66 84 401075074
88 59 744158794
15 68 872671688
84 58 723925377
8 96 280497407
84 38 119335354
84 90 811219797
30 73 917725712
60 4 920732331
4 24 125466969
65 84 342050993
31 22 45108370
14 37 240325148
93 81 384813386
40 10 767015724
84 43 580848840
24 95 721508876
24 16 482484836
71 35 75287098
101 66 872813550
34 43 809964333
86 26 84112869
60 95 597014475
105 14 191622895
16 64 835115864
103 70 330555345
85 50 240385124
87 65 110023206
30 55 900399569
55 26 631482890
73 106 767785210
79 3 947795349
73 72 40327573
38 75 898234907
74 29 156647546
65 19 107743125
88 81 999993633
88 64 858549489
77 9 490649022
39 5 286530862
105 9 206227334
27 15 422909705
63 37 399704254
72 81 820910010
7 13 159927922
8 51 380166291
59 51 313547445
61 81 460814313
54 14 140297219
33 20 280487182
83 89 771842346
63 31 778045648
79 74 449245392
19 93 780159759
78 97 82609990
28 97 383717937
96 7 924767899
99 86 366685724
92 97 913314064
28 0 311407886
11 72 120900341
96 95 506363735
59 87 618185297
53 25 902169086
0 70 372638652
72 13 4688187
89 18 75054239
87 37 775125033
10 89 235421676
36 77 844278230
55 0 917235195
90 19 819413870
42 44 835779367
38 14 269251582
23 64 139320451
7 82 854139895
86 76 854096490
16 35 524224883
8 57 503886039
60 9 849272662
14 94 976233773
30 100 569952228
2 49 359222572
53 60 595748780
34 71 728476871
38 106 635572001
76 45 864536032
26 73 27476874
62 20 262733561
12 87 997446332
1 34 58186597
51 4 887144289
83 93 674882292
19 72 740729900
62 60 939017265
14 17 808675142
7 25 927278081
19 80 225603117
53 94 745680405
42 81 60105409
61 23 307505493
44 74 220329270
36 66 6814153
17 28 215529910
44 41 173172873
86 79 147583328
3 10 764445813
35 1 72607223
62 105 817829796
91 79 193660258
89 50 24817502
53 10 816081572
9 73 302477758
13 67 405386693
25 86 296163197
62 19 720203934
81 17 812686854
71 36 186363191
76 32 809551578
32 57 418105078
62 1 788918904
41 4 53811319
54 71 219917738
91 42 565506425
67 91 642983806
104 42 642427182
48 16 551015992
64 31 314055934
13 52 208645185
79 26 363249285
90 46 132960343
15 96 690412305
20 83 899484985
61 8 349669542
33 44 635090098
48 19 411726571
32 1 339928066
67 51 546574652
80 9 196251188
66 85 711589149
94 95 617033360
88 60 765805992
97 18 754586617
102 53 748111015
16 102 446486614
28 95 149082329
31 3 814592490
105 57 617790195
76 36 757150572
89 53 410983482
98 52 268308934
43 17 684069176
57 62 706355845
52 0 793272462
50 10 772326962
82 50 961441180
6 22 965949953
60 68 722541896
58 36 919146495
43 54 969759655
106 81 35386563
23 15 512553814
53 86 692089721
93 21 141135910
78 74 153837124
30 104 589664706
34 26 99063197
8 14 761830701
89 34 21284716
74 16 323500335
51 0 51976173
19 59 398298993
66 97 233705703
23 94 207228050
0 63 129458765
81 74 924331156
58 45 580396471
8 6 289485588
47 84 584500422
47 0 747723881
23 90 248097306
21 33 354213226
82 44 407552060
102 44 517118673
5 84 974438972
15 48 660393294
12 18 507519565
66 50 641279026
99 1 383107378
65 23 588378318
52 90 202410101
2 24 526022856
71 81 530888679
43 3 62983980
97 94 960173847
85 1 193484466
67 28 79460485
98 105 6119281
2 12 392135448
99 78 381790447
65 31 702241976
10 0 935389181
52 34 291986311
59 68 154852300
96 52 184705521
70 1 944320582
34 70 53129494
101 73 592462442
70 58 639486875
66 51 777683680
70 12 749164449
26 37 869340881
57 80 922821710
87 34 626495212
77 4 211285570
70 54 917996323
43 94 908782990
59 101 71789103
56 9 595215867
44 66 85211570
100 0 44262705
41 15 944044236
11 16 922229390
88 52 952991945
0 8 820503237
46 27 382584338
77 52 116996845
103 43 982512839
33 45 668249381
18 61 488898576
43 90 529632758
96 71 366461027
99 77 189310792
71 52 565951826
7 67 920999574
29 100 486922562
19 14 114534519
64 19 585438968
3 78 436551536
40 16 601085770
91 70 480963587
3 72 506315020
12 59 812793141
9 85 7542323
84 31 678285018
21 31 128373180
35 17 426492342
97 25 807889477
57 29 723734570
34 69 442842265
100 103 760034669
55 23 20602978
90 69 623574199
25 70 729877939
76 21 806150356
58 75 208788006
56 35 801067829
79 103 966295464
86 36 747166050
41 80 5952142
56 93 839490324
95 49 101799934
1 73 221280368
51 10 949923130
79 7 91167040
54 67 452931960
55 13 284095322
6 100 253265745
29 21 642959788
83 19 481119231
97 105 194128096
52 55 762329444
7 97 185291606
22 100 873654510
82 93 949599640
76 12 63569989
78 80 996817456
62 3 654223118
96 78 933125457
64 6 632785195
25 93 531800252
57 71 -302725325
37 48 626902412
105 31 775112809
26 75 222311697
97 24 205097155
56 27 525998823
36 100 865861000
53 92 35453330
96 66 278484141
51 82 776177448
13 58 259486359
49 1 906350524
14 106 20032351
52 92 986336420
98 27 751042082
92 25 317570965
20 104 599520154
35 8 33416772
35 65 874975698
62 84 403574173
13 104 117823707
88 58 196847642
43 99 208854587
5 3 197952632
56 0 639620712
37 0 335828954
63 32 -980631728
66 81 109394794
102 26 458078551
103 78 726740493
22 99 764263698
38 16 560353845
31 27 258907827
31 6 857925905
41 99 965983028
65 79 468148565
85 10 372561951
30 25 447013842
30 20 96534011
5 22 492144329
85 30 619510568
105 5 339194135
65 15 146449882
52 28 265933320
42 11 291796916
45 4 237130370
19 86 579747599
12 36 193650409
91 34 945294823
49 92 801871178
2 32 203486692
74 88 169306987
105 106 637993303
48 31 976920819
56 76 189409416
70 61 377712646
95 102 333562937
97 75 68264561
40 64 51165313
93 0 986449966
67 58 476718581
61 64 105979041
8 13 923620046
76 73 563245504
18 95 865661897
51 66 566393151
16 84 504941500
63 73 238004043
40 0 894796085
34 106 559448275
9 98 954320897
58 27 342601860
40 47 123484678
78 24 228383160
2 7 170834616
59 64 87314759
96 56 622362055
32 53 47416393
30 27 160733767
48 39 462045788
94 98 354232205
13 95 975577655
20 95 95312776
19 26 296090471
45 29 931760406
37 10 215210668
64 90 10562504
90 9 584264121
56 2 793065207
43 35 486282932
64 81 761429227
90 70 458926920
40 29 764318664
30 17 217498131
29 101 817556494
105 37 290150067
85 82 170811376
82 3 356244203
15 54 125169107
78 81 811872757
87 106 564583518
16 34 643547139
2 9 366627823
65 54 37962376
79 66 265840967
40 27 438518605
25 88 428319834
79 106 580426330
24 31 733098040
74 91 12685028
46 51 781422587
64 30 626365289
80 84 273167784
105 3 576772877
26 61 493927491
5 48 278488185
3 51 554266688
35 34 812652959
63 75 894904156
16 98 191794584
31 9 690373880
66 88 168765477
100 18 782700579
63 30 474898601
93 55 3497376
3 88 569708766
1 59 402519745
80 13 368851014
9 94 38405300
41 40 604980832
73 20 888986239
48 87 254313366
4 14 368778914
90 94 636775053
67 105 217648728
42 24 120569507
61 5 190056074
91 105 790628985
97 13 426484376
84 2 233668544
98 89 875678557
57 85 232964692
86 70 621058000
17 36 909323472
106 30 147072602
66 99 698430323
31 102 517335117
57 52 996996178
74 3 347765495
93 31 898113450
82 76 851130463
81 100 332827492
80 61 636210728
52 56 758795431
96 34 764966569
6 95 301017107
2 5 11148104
47 37 307058114
86 78 903496685
105 56 300853919
24 50 227144201
75 26 121367803
69 95 114815861
59 80 842894338
15 14 232928227
9 95 524261024
3 30 195898259
79 50 753778868
39 75 717636835
50 89 385537559
68 98 670232475
5 74 346504708
5 24 185155621
55 89 952882014
41 23 529564527
51 25 635340953
13 27 628117292
23 102 943643169
66 87 211820931
53 28 459762758
54 0 571016521
11 96 975107787
22 60 702076843
10 82 112881106
3 24 518108034
69 9 407672121
41 14 265901847
90 22 340216314
1 8 341228040
56 15 511254386
12 61 735704329
87 49 839418922
36 15 110098360
71 3 797675934
101 70 751084873
59 30 384267486
7 10 386464765
54 78 271959342
93 50 782022531
92 41 984937135
77 33 904276472
41 12 529625909
0 9 861821027
56 104 565224241
34 50 605583293
4 91 553358260
18 87 521420220
50 48 75694466
76 40 125079878
50 56 793008167
40 30 71082111
72 93 489803042
41 33 869504486
39 62 334826703
82 87 728038750
56 53 483383055
21 74 734358674
27 46 710298937
68 10 906459607
65 67 249001091
6 97 500492993
86 52 795106452
71 41 857019364
4 95 -20296530
49 80 50183078
24 81 928595479
80 85 342472761
13 38 741741838
57 48 639069660
53 78 404090864
76 35 877475601
57 38 560916618
35 99 808799926
88 18 845574419
105 95 778509813
99 36 436089678
54 40 389443134
85 54 660393327
69 68 320269688
98 6 873636465
0 3 973552912
101 67 612181067
10 2 907324576
106 43 846008377
10 5 798587575
54 76 495714703
6 10 226880728
51 106 34005668
19 89 956485253
80 67 -675574077
18 66 57663081
14 103 157896959
47 90 395145733
95 0 990703220
101 34 890341675
75 102 451349463
11 41 275460888
12 68 187016680
66 65 194176545
57 45 480967030
32 43 400975966
23 54 989827923
103 16 177475615
67 18 522615075
9 20 387167083
0 23 239334103
17 15 959640841
22 91 223758480
86 60 711449133
2 59 831433882
86 98 200621630
26 48 915473180
16 54 515714210
88 75 509816106
14 60 700633485
14 50 91798330
9 41 254553980
48 66 266739870
62 36 207820087
99 64 665122390
59 102 581498087
99 41 538322985
60 103 312458176
86 53 47928116
56 79 392591255
57 95 897846474
78 9 650889126
6 43 878427326
28 6 656782181
98 104 228396844
34 78 455485404
75 24 45351602
43 104 787547252
37 87 563753169
28 7 628163719
63 27 158035638
27 30 493170577
57 41 924687919
105 38 696700438
92 36 567244419
12 40 876546093
9 83 213232414
82 38 243612954
23 24 909001925
91 98 480121059
42 9 485872264
45 82 147108143
84 22 251235556
0 84 508436901
73 99 558488665
10 40 481708246
27 42 920595923
23 100 391046996
26 12 54074676
62 0 268707351
87 47 756347903
100 101 949854795
25 10 61909219
68 69 243217634
36 12 132958105
8 29 325680857
59 85 124072431
10 35 852467827
7 73 120127728
19 81 207280587
76 55 79439809
1 9 89980162
58 48 418459199
30 42 85645303
30 56 622152709
5 63 2520658
69 87 437219342
102 42 3744386
6 98 63002498
0 27 83271555
75 41 137724192
48 59 803340451
0 74 364719135
67 40 895519917
89 23 709991081
26 52 89076256
9 6 254244146
87 22 768058592
45 24 369421800
101 48 354384756
66 35 511433778
46 70 473446591
94 45 797434408
40 105 736407660
101 46 359920591
19 10 338811005
9 11 31989414
102 23 144629634
78 94 798643646
103 31 739052449
7 22 277296053
49 47 75407168
10 78 108561138
47 50 873210876
10 68 116780846
92 33 786225746
65 5 692503678
77 67 178812608
63 11 872092094
76 4 736585811
3 49 929362854
57 17 767906494
19 21 479738214
31 12 305096854
35 102 248896461
35 25 968327454
83 62 259481192
28 86 344241328
73 96 999965580
89 0 197029795
27 93 610108841
82 84 473954996
106 65 863268499
91 36 380487246
32 75 165984196
1 3 866488636
104 59 302385109
97 3 83573741
48 74 674260907
32 82 109589696
20 99 846093893
55 25 102584859
103 37 60748105
51 36 938477777
100 17 506468300
30 58 248990037
93 42 892058462
81 57 412404109
33 9 939110197
28 85 941960692
61 104 778430414
96 4 527558918
92 75 110140799
38 84 811728845
26 41 640151544
66 32 -907418620
43 58 187635308
12 9 452091116
63 43 362145071
30 81 597616286
49 84 735804347
94 32 328668364
8 11 886347707
20 16 809243167
8 53 290283338
7 34 543192643
17 95 376673386
21 82 230433902
89 77 605578701
48 26 643833556
72 71 54346781
49 48 994730862
26 71 103982807
64 22 459022446
22 54 961728104
106 96 927458
91 45 882497497
17 65 370946199
90 43 374425584
54 86 599995608
84 18 205660425
23 1 5021478
94 51 689232719
72 32 856881732
3 73 621280009
18 32 -294512723
22 9 99908876
86 9 605189729
23 81 296298078
90 2 315737828
81 1 594471687
55 94 781727450
102 98 911893453
11 56 789559112
51 92 842189874
95 89 131906502
60 25 131682226
97 101 925777823
40 53 943945234
89 7 745820115
28 98 149205506
61 22 116257323
5 100 129618688
3 8 188403405
90 33 73680375
68 2 263762958
68 102 317391385
89 15 901613581
95 56 800150558
35 71 911725289
52 85 383362538
80 92 250469393
92 94 157243554
14 22 951271730
84 32 547260292
91 9 241727195
76 15 39638651
90 79 879874941
43 22 681956153
16 11 144120153
22 5 363812858
83 94 13226134
68 81 534824786
82 45 664548957
41 21 470736582
46 5 757400792
63 87 301296540
0 6 755451870
99 7 83308347
6 34 659078341
52 74 395109276
30 67 79486102
43 26 975782720
95 42 800397216
12 8 16017522
22 64 434180482
99 19 40342154
6 1 272279021
88 101 290793588
46 99 132755512
56 51 628742443
58 66 565381511
26 24 962500871
39 76 841419838
38 93 993540634
98 84 502086146
105 48 133854418
18 24 800164929
103 9 760039268
86 99 959892097
41 56 10726931
4 68 776938084
41 0 582151861
76 97 392068656
70 81 462618764
10 93 759568486
58 69 99552737
3 36 490463268
73 35 305777288
74 30 558639397
0 106 282194452
101 31 988971924
102 41 763896260
6 42 453981091
50 57 687307538
23 44 830591115
32 85 233959745
20 101 751318120
67 59 94535495
52 24 983541096
67 73 -109986473
98 94 390151546
99 91 226556115
76 94 293766403
89 103 251185413
15 27 33808719
93 88 404007193
65 97 69786313
13 34 90292280
89 38 190846456
58 1 120886209
15 76 902197066
60 93 127397384
20 75 856181889
59 104 298650182
47 24 877628536
83 44 880456597
88 16 132815331
62 91 441711824
79 55 110176099
66 102 711141168
31 35 309629928
55 15 162376891
92 39 921546738
67 77 402297027
30 57 640382032
20 74 822534230
63 2 115510457
27 8 30347182
33 2 668367667
25 11 417847396
27 23 983960171
6 2 649574439
4 58 408793382
24 34 210938840
10 105 263290124
0 41 732452879
58 26 616262915
99 85 619978049
4 16 22955703
88 11 412837029
105 43 37310975
34 37 342198125
94 64 181763860
3 80 204869776
44 93 350780221
42 65 409350122
79 19 333119431
58 82 878387499
51 65 758554315
54 93 895695850
71 55 464320070
28 40 871583211
18 43 817813679
44 55 82971691
50 96 980244577
75 86 721291897
26 97 271100801
84 106 69974166
87 53 132160295
102 75 56500531
59 18 48782790
56 94 310794493
62 83 670633023
64 45 367818266
36 17 47665324
26 15 682522635
32 67 310444959
47 91 141552032
70 100 867727838
19 95 762757911
88 28 616282276
7 14 19992178
40 82 344456538
57 9 763493888
15 41 791545109
24 55 692750114
43 67 190944289
76 67 650759609
37 51 165794680
103 1 914848931
28 29 311632572
85 65 57843475
89 10 196581233
42 79 951113546
28 55 962104622
77 44 935138977
85 23 579450873
4 33 560584099
102 105 688412177
29 41 628779528
51 94 5166925
104 89 466363384
54 59 811958582
105 45 18012692
101 36 214461287
15 87 71452018
64 24 390263974
84 68 735850450
52 59 521821527
98 26 162600970
34 23 662363374
22 58 469267832
23 10 -434434416
48 85 156509769
95 6 279529705
96 92 104870512
37 62 25947168
79 10 421865047
64 99 54916478
45 63 889548912
83 66 750977263
105 13 214057523
60 43 331210379
31 61 626211983
77 32 501438826
33 22 191401665
39 26 32087285
96 101 371435991
77 42 838629331
22 93 212728696
65 70 258036992
40 42 61718998
64 85 331246405
84 96 568975384
95 25 118089008
77 98 487262313
56 12 103874140
45 69 555122863
35 54 36013445
14 91 987570732
26 104 178204167
65 106 183957528
92 70 397394776
86 6 526357132
32 86 758072359
104 57 145573191
97 77 521417341
95 50 323047525
73 0 58163431
74 70 703180289
51 40 439620916
95 47 33938368
12 67 590383054
85 75 196810197
96 13 66693457
84 26 985966402
88 51 264825705
83 40 947521251
81 85 136289255
52 57 346517110
89 69 770997124
33 71 217078702
27 79 746460414
51 71 352865657
57 76 504327509
43 53 531340392
30 12 27371188
95 92 323163097
34 45 91241451
41 86 822305371
100 50 131035542
94 60 211348780
6 38 866578621
20 34 454033716
20 6 543731476
15 88 966391912
10 69 862858949
79 75 410788062
61 55 651518071
24 8 716644651
105 63 687157438
49 36 5075645
8 95 435635091
41 65 250642342
70 96 92002361
13 11 773003403
80 87 909684721
28 25 746444486
84 23 603849782
82 1 379463997
39 59 569713319
7 37 510932050
10 94 450100240
65 10 689268650
58 89 310993519
102 70 354318581
86 93 194323415
61 50 375051961
57 31 556991235
20 32 221315489
94 29 439233745
39 42 513417084
75 80 718765663
11 71 475444399
102 63 393697458
14 25 769622064
92 20 784681327
18 64 495818154
25 81 742149858
22 26 675505793
70 92 543728121
5 12 528128939
5 62 961987925
28 89 714756158
33 34 755341346
28 82 117094275
79 49 398890727
42 37 229324953
101 17 620613167
17 57 157660574
98 71 456618208
35 94 799349128
33 48 172165564
76 86 739304774
19 71 988957361
88 97 366366759
8 78 99310131
9 99 586055549
56 8 254415647
40 17 597822987
87 96 123819398
40 62 717561355
77 66 4115186
2 86 356860394
1 96 843975532
36 88 212089214
42 68 830710131
49 77 276128401
46 80 288883033
4 90 396092612
52 17 334833537
96 1 468275913
106 94 -692096433
39 3 514151870
96 49 119162297
54 3 961939954
76 18 295443104
61 37 175744433
3 40 577561134
21 84 980455172
97 31 932033837
101 15 751108079
31 88 124813874
57 87 107616403
48 27 737510577
40 1 359082176
54 94 199532868
21 63 360627012
27 95 119493284
48 97 742397386
56 37 201272735
53 77 988580235
34 87 849798962
14 101 628809773
101 78 482856247
41 43 729357323
89 5 174749635
98 65 358502923
45 78 617369213
50 78 373269013
74 1 371607763
43 83 997054274
85 92 193469693
101 35 350923238
20 28 866039407
96 41 -842462482
24 84 587526986
93 91 268267959
103 15 260076322
65 51 821428200
102 90 811532792
51 43 599352143
99 0 968064341
75 10 312227956
39 80 980635361
104 54 444350192
21 66 249379915
3 86 766172787
76 33 706136862
21 97 700059741
7 88 816574161
96 32 125058200
89 82 299427061
33 10 230831544
72 53 633777786
24 82 650338401
58 11 374112300
32 79 982567903
17 14 721410753
25 68 149646926
9 19 451989475
59 74 536377433
61 53 531934815
48 46 762464282
46 59 757913377
12 32 847586162
40 21 449154703
3 26 124674822
67 27 318108293
31 46 299742155
73 4 197414389
80 102 516504955
25 52 10837701
18 79 910425138
60 55 815941218
95 78 515704725
23 17 209602127
27 62 4049572
10 104 943401276
60 51 668453430
36 71 322261689
83 18 687859268
84 24 617675098
47 100 586874447
11 1 147909431
39 7 136563937
102 28 800707392
44 95 328699756
9 50 384134884
20 15 673961512
72 68 138832175
63 39 304212577
40 33 167779895
67 30 278817186
9 33 399446625
51 17 719682027
85 104 945544098
47 62 747441715
101 8 186390070
53 104 456255897
18 23 78968252
90 49 212833505
24 9 489649760
103 99 883670956
94 92 872770374
31 55 865840824
10 85 48188042
28 16 708744517
102 94 600965800
57 28 935022654
27 96 944681821
95 62 130730598
77 64 768423847
14 95 148588198
32 89 4956166
89 40 980081082
60 94 124526682
49 73 199097636
105 103 50748072
92 56 186637098
93 53 852345484
104 78 954147248
95 87 578469530
61 98 997098438
54 69 -93900023
43 1 322248339
60 61 557702702
67 60 977465087
70 38 774134383
50 88 779558220
23 8 619465001
78 92 316120761
45 31 192246159
29 32 881314975
37 80 786599848
28 22 122555461
84 7 160979791
25 26 847996027
83 98 807252795
97 92 79570060
57 101 873383462
99 26 952201444
64 33 745414313
66 31 704165424
1 11 730586451
87 15 122685456
81 29 470407466
21 92 770481044
39 36 243101145
95 60 709757079
41 55 984422257
59 10 382485332
78 101 710738474
46 91 833355263
44 47 907694647
1 82 170481817
38 36 882213560
101 22 868721572
31 33 108955539
89 8 328287328
68 104 258410058
90 18 261454329
4 5 632153218
81 11 567914078
91 7 311335015
79 92 533695833
45 25 852217807
12 80 400654985
79 88 450846063
38 15 21381598
50 28 551774284
13 43 380548716
70 106 604671633
56 32 375676104
44 79 258458288
2 104 489520851
39 99 937687097
12 78 592434783
2 63 358269939
77 31 187693315
48 51 630887975
61 39 584901178
41 96 185493077
27 85 193323462
5 13 282570607
37 75 105031593
86 90 333575139
6 81 843201889
83 52 150188896
9 32 631316552
25 62 596405734
105 11 265447618
77 12 13489733
74 18 297762129
89 75 740975509
11 61 172340867
84 83 333966727
81 50 42671058
10 28 417247284
47 38 326819100
70 56 679112215
25 45 528083094
80 16 436929126
35 92 981775200
8 93 122963730
106 64 566785395
33 30 826359706
17 47 662182976
16 43 874747636
81 83 583885871
18 11 -993340508
72 16 117758712
31 85 348309638
40 77 175624187
1 30 185865510
9 71 644683815
105 66 770897534
83 105 717915546
88 79 353645463
77 35 568327397
1 63 159122099
56 17 299260296
75 32 397405605
101 39 517711448
3 35 465614571
31 67 50909149
88 46 981272217
49 39 595617907
35 18 724680526
56 28 436261066
94 59 772032670
30 89 931850560
69 102 957946290
27 25 423051470
68 12 974567051
79 100 894404996
30 48 132468107
86 73 273058299
106 98 616308540
90 105 864793133
99 84 652660653
81 5 727745742
87 51 497346618
25 8 23841035
88 106 824624357
60 13 907097646
45 3 264486868
88 5 62316864
6 69 549080524
66 78 193590100
6 13 944649038
91 49 863762972
34 63 42355684
65 58 543848829
78 27 48347425
78 26 672020999
7 50 93382176
98 24 117964063
32 0 356332830
45 48 535674034
23 27 325988255
11 22 41978630
37 5 491920060
54 16 820979288
79 4 261511840
94 72 612532326
17 50 111663038
12 82 423535014
8 86 58738058
81 0 564599318
56 36 981131653
22 21 960669758
93 80 206775946
96 30 395129797
52 81 124192139
21 53 999361652
67 42 412213751
58 8 683917855
36 14 818159836
94 19 462566011
13 59 303593953
3 95 97105769
52 62 941763872
86 13 66524724
2 47 480063531
80 22 741822970
58 7 855691658
41 79 509046698
102 71 386375830
31 81 955846830
91 66 727625323
18 27 330170868
32 21 389172753
60 10 620685203
71 75 171911258
45 94 92259710
71 93 800374235
74 56 337018769
43 51 895948755
65 85 237219369
40 88 271907239
90 103 825472091
13 12 6927239
31 78 309046021
14 89 993798573
67 0 713703221
78 95 583001797
72 2 575454135
100 8 681732867
85 19 212845991
54 60 107510191
102 96 887093172
29 27 400460147
75 66 428222210
51 30 72903023
47 59 390057606
90 17 256645143
15 34 73512427
12 31 720479271
49 72 441008719
43 69 73666537
60 12 577462012
59 24 535999765
27 106 196385777
37 74 455170921
81 48 606363823
41 31 449406345
84 3 197137777
26 101 227300049
89 43 209253143
30 75 655996794
8 99 186734015
94 48 807170733
51 81 191030975
49 75 31166830
9 86 792779602
74 5 960616315
96 3 231897397
85 49 920625059
43 38 413016921
36 45 298479573
103 77 406995917
33 101 440723788
30 98 1716630
45 89 885292117
26 92 693543833
71 8 -961937218
28 48 755402512
36 27 335558118
24 93 269686562
88 62 788668611
95 67 858923201
27 70 724342058
18 50 22312971
51 62 56220487
81 54 974635250
20 65 92514137
20 94 234900881
50 65 238980834
98 37 967457242
82 23 672636154
103 44 530693192
92 45 591003682
46 71 352439790
32 71 715259116
35 80 519842785
91 0 896472471
106 23 487038493
29 95 30664309
93 102 38045192
9 36 497683216
73 23 132604254
99 3 715789013
64 9 451443419
39 86 699623052
60 79 994606844
63 67 453327436
22 32 161167195
96 99 972854759
11 15 19380840
1 80 542314352
14 31 96354876
10 64 264249454
63 69 414765483
89 1 76605461
73 2 701306639
100 62 490163562
22 0 147780639
47 80 419011281
3 100 625126426
50 55 297486369
84 65 384836001
17 41 102322664
46 83 838937567
13 65 575814132
87 93 762848967
56 75 741563905
66 101 548394377
6 20 169183684
79 43 716388178
9 80 113701873
47 79 652265942
104 24 425680586
58 55 444586076
3 4 308514943
72 29 584331393
53 24 692559010
94 24 799746916
91 11 495185489
91 54 918235310
87 23 228703367
63 54 64847823
39 94 293512263
62 32 242517274
82 41 971062502
96 89 382805880
25 21 609351474
6 28 660040604
76 27 861815061
106 42 904360577
57 79 784825460
103 51 855738045
40 68 880998661
42 62 1519970
65 33 717649699
8 38 25071100
38 95 779583787
92 105 497949864
104 13 578835064
61 71 463608595
56 85 204394157
58 87 361155293
1 76 159707497
98 82 571587698
62 17 835802588
90 101 182108579
25 84 844813739
13 93 515556535
7 94 212202188
11 60 205507932
24 63 458417504
61 46 160167800
6 103 917716084
63 33 948313894
50 12 711863016
83 65 829344083
78 65 516189368
69 74 442392144
68 1 580610804
38 58 311683569
19 91 159958334
84 44 211578002
79 48 417275060
63 10 358017367
55 39 950485685
7 86 604528082
61 1 744271813
83 6 583537592
101 63 85580118
46 103 176147956
40 43 325447098
22 50 681733139
101 75 278962622
80 40 755770437
101 43 619677085
68 89 332654461
37 95 292799301
8 4 160247682
89 14 542276342
11 79 526277228
47 2 466663996
83 104 241549526
105 78 814988397
96 25 800492703
30 76 885777749
9 60 737863510
91 40 530803575
35 55 292109729
32 37 273933614
92 55 701518512
19 65 275580065
39 101 424724066
54 17 308171967
89 86 678976645
25 79 510803327
79 33 174225809
44 64 276862577
45 34 513683570
90 93 339598920
16 96 249022814
30 18 254638670
95 79 719154818
103 82 -66285159
62 8 520964851
16 81 629854186
30 39 929788658
87 30 323117822
38 101 796296205
84 37 419440031
8 48 969175639
52 88 357838519
0 101 661928488
4 36 379596395
30 11 784277656
21 70 514183518
96 73 378716838
52 53 397979390
85 61 77035275
20 61 696495735
71 91 347147773
69 75 589674021
8 25 246093513
28 71 68118683
20 103 326871098
50 77 752286378
67 95 237562600
41 70 105450681
68 71 42316292
19 83 696328285
103 30 588676024
18 14 66099652
103 71 228380175
46 7 700715389
58 50 895913748
41 98 250417031
17 102 452994889
69 8 382941992
86 32 334956029
22 80 346172982
67 8 686350443
5 83 407651497
33 85 739031385
104 18 289826698
57 32 483246226
70 5 85294398
80 45 491370011
11 52 -369344727
16 31 634810104
57 68 418240625
42 5 504918061
24 28 579401143
16 85 413853523
99 67 8408456
82 63 838445769
104 69 657111712
48 11 205929865
53 22 54417360
1 50 825529843
13 46 661429993
13 92 619099206
94 4 260677602
3 27 443976291
45 40 251303669
32 76 127417015
92 21 906163270
54 83 431911179
31 54 353654754
6 86 596927598
77 46 616117093
25 1 644906544
2 45 259423821
25 20 197729952
28 91 686778713
57 47 542784851
102 57 288529582
65 49 737705886
16 55 538987570
12 2 287462522
71 67 576720445
28 9 809969508
49 66 214244697
95 77 465046225
44 80 362726795
70 104 110474987
67 92 587761992
104 65 908841656
17 103 404758107
12 94 482054341
77 92 916454052
26 21 530749212
58 23 319331453
70 76 477416951
90 4 13447246
27 76 130620054
21 86 498658269
47 57 572596121
79 63 73391067
95 80 126943337
69 100 342961999
34 91 537557833
95 93 535900875
101 100 749297082
48 34 573366263
65 86 444502036
90 92 491527829
85 17 970111173
30 106 658142735
100 85 627185236
42 100 850848342
85 48 262370934
36 24 304215922
52 22 195351334
35 9 117239453
29 35 837821414
77 53 2705499
22 10 256311720
81 2 573693593
23 20 3081371
33 51 916301176
78 0 837730055
74 82 898875121
4 11 165385912
59 26 883020591
59 96 293398083
95 1 651328005
66 23 98343584
9 34 359839973
61 38 814534797
101 106 618347371
4 57 388880227
93 6 305535637
92 37 971148935
25 98 969391870
42 0 990228946
12 91 390976576
19 44 693991580
59 3 27203044
32 68 48676901
20 52 910706198
44 105 591254581
45 49 168892726
47 42 800197073
36 74 266739188
77 6 607834785
81 8 792732066
0 68 392766202
46 17 82132373
30 82 952210614
100 46 99715586
50 45 672232098
17 101 579515330
65 92 359956483
18 31 456436928
79 39 654824451
44 102 913620225
105 36 978403307
73 11 806684777
16 18 339453406
89 83 647862254
55 6 807283891
92 13 647253975
73 80 196120285
50 15 312020579
12 106 470146120
55 58 620837629
70 67 432559912
5 96 776544475
81 71 44567190
86 97 640100997
79 89 199965844
87 79 676911604
5 102 438847621
7 58 859777381
85 41 238529259
71 65 574114504
54 99 65423096
86 83 376588650
27 64 183327000
69 30 331390377
27 52 19056893
17 37 276917005
98 81 416554367
46 36 511149427
1 4 200347315
22 18 629292680
55 29 405029132
17 64 707673886
59 58 988145799
9 8 518025340
80 50 997681073
48 2 7286797
8 87 29893993
101 105 793047198
82 34 87669863
95 16 133149912
51 29 435670760
54 63 329694784
106 57 55681649
98 32 574240332
28 101 852123824
60 100 225056540
105 51 806184778
2 68 405529173
52 54 551154587
75 33 422285737
48 88 76316603
28 24 604307483
73 26 566158722
100 4 970744039
96 76 728975144
9 68 308880493
75 58 572592012
68 26 597667587
68 65 665669740
87 57 891553121
22 104 469132915
84 62 899597834
33 95 331770238
34 38 740800
66 96 649548694
5 41 555418570
21 69 237602892
62 98 249674823
13 72 123061068
58 47 919728000
31 93 125592235
95 88 783462245
17 32 998015476
12 23 305071979
87 11 741548673
23 91 572385042
2 26 156898729
57 70 760632524
40 90 327862152
28 84 593076450
52 84 194551737
28 11 658311312
65 52 858024844
35 91 830726673
19 75 753391733
31 36 147752690
81 18 540104212
61 69 374685279
105 59 124821290
45 85 829140168
16 14 665862350
74 93 428066016
86 69 786952292
58 33 509864534
6 59 687979604
59 14 395878693
81 55 153422968
59 52 988730110
45 12 681442120
33 47 740369291
97 69 892950479
58 67 512017975
30 47 501576395
0 35 103105686
92 93 703581485
80 4 979408743
80 17 276340505
75 69 31449628
94 30 960336829
94 18 49128420
104 76 277274960
65 17 15444645
14 88 554084075
75 65 57087213
13 48 -913997862
14 68 276854628
100 52 335620702
71 59 591708800
21 85 619999976
63 70 727196192
97 59 835317210
104 95 659857540
78 38 415322801
73 70 112616222
30 68 515074302
82 2 256180106
29 34 767765391
97 106 16388363
63 38 707477386
85 70 748690529
78 31 415324770
61 21 -80869664
24 17 741188070
16 58 367303286
96 83 303832454
12 10 739249008
83 13 214129404
74 28 33736362
36 91 995950061
15 84 391849182
101 6 513786899
68 25 821859148
69 51 177847408
49 71 162584949
34 92 800879421
2 87 919064367
61 33 87523768
96 10 818042008
18 37 128990617
30 86 475720275
64 57 864762751
50 74 642197437
79 102 512598127
43 6 572302467
45 9 198138988
66 33 523491399
3 81 541777759
73 36 766077584
1 12 559980596
12 46 890639792
81 44 861241614
2 79 770015228
92 26 300461874
66 37 639699589
26 9 310812913
83 61 993987247
91 77 271567362
100 70 609603110
76 103 655094970
57 24 692664590
59 48 903940098
40 75 404576996
0 69 -844933318
106 85 3757481
2 35 140900639
103 95 459849653
56 99 471583659
94 99 743099063
28 78 323432930
27 82 492738123
17 9 656088137
33 36 759685533
75 54 124962604
46 9 783937475
31 70 496057121
54 36 752572634
13 4 712750290
67 19 750886921
21 90 718119012
68 97 177700600
78 70 852955217
51 34 155671243
35 81 98314786
36 46 589364788
67 75 795190594
100 75 229023674
46 22 571689359
85 100 768448361
81 78 241498476
1 57 250488012
7 5 775674296
92 61 228484248
25 75 695011726
59 84 18205686
27 10 734935334
66 62 773493584
66 105 672555328
4 93 488878179
56 83 430246214
105 96 474686789
6 31 987351745
78 79 589557158
45 83 494710968
37 15 917454898
94 54 406909348
59 72 746348181
86 34 572790113
91 100 9126712
38 89 768727098
45 27 254124606
71 89 560702194
2 50 774481794
83 90 339268524
102 99 473024942
19 17 182671067
39 74 620879225
33 92 712002626
100 76 442059489
10 18 542812997
87 7 801437951
87 28 169577766
89 94 877442808
21 62 683602416
80 29 902132415
84 57 975977463
53 81 123069945
90 75 583712707
73 59 59347637
77 76 375072211
16 60 588599095
32 25 980412426
63 45 298384745
40 101 265386356
47 65 925530100
57 75 118538715
13 33 514629923
73 91 474246896
57 2 119500106
21 71 80986119
9 84 674264675
49 31 520745876
59 25 113129856
55 50 386116315
37 59 602368612
102 83 207948193
55 72 167705175
95 38 745882512
102 6 864357500
74 44 824614940
60 78 202171927
99 80 181367534
102 55 704198848
98 57 528951362
46 55 96332498
38 76 498226285
52 31 702935414
44 46 977992016
89 98 24923519
101 40 840130686
43 98 815570667
84 35 465842832
94 49 351702098
37 63 429717729
97 1 790609051
30 22 150076934
20 23 218625786
55 62 153011269
73 86 800129630
12 102 294379487
80 2 872198684
72 33 17044811
52 13 40214148
45 53 519804324
23 55 576505308
47 1 493607412
63 77 400004009
34 57 547229801
84 99 51577015
71 24 889729383
27 16 664302107
81 6 198199105
48 22 321034996
78 85 906308276
18 94 273194065
80 14 316545719
65 7 674972514
34 62 956377523
94 102 576175748
70 85 177181051
69 2 954312407
102 1 572501613
11 105 122901413
49 100 800452919
57 65 635105099
91 15 576393897
35 98 171952654
50 26 843076492
31 92 315338427
50 24 574957797
75 31 44290387
82 39 988640808
12 43 300813232
6 105 659580052
8 24 247255544
13 70 216386246
21 13 975542830
92 4 311174434
73 57 637960735
65 38 964642099
37 68 68083520
30 93 449692681
28 8 478195468
76 41 567385250
104 8 218490827
50 39 534701233
87 20 808900008
78 52 668951402
5 80 931954756
30 23 1822984
85 80 57116390
87 17 175296461
34 73 452468110
23 87 773075684
63 16 196384235
98 83 575680441
18 82 618828929
99 20 464996054
52 20 407440577
61 76 740591802
76 8 351206859
68 49 751111997
44 18 219504780
0 77 47632911
1 104 829567728
26 94 418695560
102 106 324584469
32 30 163656805
37 83 93791881
3 91 932268087
66 12 253185635
41 93 905986341
58 18 477249428
41 102 154639378
50 49 916713480
58 38 666902205
45 42 96732422
28 23 170923451
46 76 818354850
16 103 203922881
9 26 577062432
16 90 130991318
2 98 789476068
43 81 645063205
10 97 609506221
91 38 663222521
98 9 514503767
45 68 177229328
18 80 185151643
0 16 652719493
104 66 254743922
4 73 675417203
10 6 412313323
2 33 832212482
51 80 689990670
11 91 167541731
25 73 938971441
28 39 702411587
79 61 82786871
103 62 276714702
94 37 450592383
33 55 754170840
87 16 550997870
104 16 217069155
1 62 611138529
102 13 19967802
14 64 265020452
71 101 843040976
53 4 539379652
64 88 420193113
106 38 152963508
91 80 172218095
42 7 19907284
42 99 941335742
4 77 581922269
47 8 687382344
16 40 317807685
26 36 978385150
28 102 56548127
49 13 971823160
71 102 225400187
0 93 915333183
41 67 680828365
80 96 537283197
100 33 981752915
24 26 402766078
44 72 858493339
99 47 814597313
18 20 642084991
15 95 462839520
29 15 167723303
64 84 716331918
36 73 205776061
5 11 754921250
48 47 839483527
13 23 557990461
91 8 701168785
6 23 59425070
83 28 809379298
29 92 549299287
42 28 644199254
4 40 578965902
36 19 592877288
20 72 716372105
44 73 691318946
56 46 766454338
75 46 680387607
87 43 960488198
40 22 880784248
57 94 830545897
32 48 446628456
83 0 955483412
77 5 79848129
72 101 309951032
11 83 722741826
69 45 472827467
56 47 676400775
98 48 595840935
66 56 278242468
86 87 390225021
103 50 623912797
83 35 356041899
3 34 611769278
83 22 332847951
106 71 817405274
20 92 990635894
67 3 720333579
7 17 971641683
60 96 227618327
88 54 32993747
84 51 420914470
25 15 24209821
1 105 66450159
89 17 553938198
82 77 372311231
49 87 351502275
29 80 530274807
37 21 788537695
78 35 187329693
33 75 435062631
69 96 42848442
15 52 36851620
99 105 728111836
70 35 369527462
36 34 495710497
55 19 594971307
29 36 751453010
14 69 728109983
94 16 846076815
76 92 626411984
11 4 877103146
0 32 32538013
4 41 62039254
27 68 326280807
42 51 82746838
73 30 492903142
0 37 574864883
41 30 505355548
72 82 600510655
62 88 558370834
9 58 340836456
26 39 607944029
15 39 792507259
32 64 706917695
52 97 88736547
14 15 671737723
41 2 317515119
67 26 98883611
80 89 190628332
93 13 621136170
20 102 649762041
66 52 607378466
58 54 671958030
27 49 767470082
17 2 534873827
54 37 933650612
79 38 453211634
8 49 773473908
23 84 22503577
59 22 251140747
71 51 619972965
71 27 351538736
45 46 804342261
14 82 348869400
58 32 676528787
103 56 922776781
27 65 504388229
12 51 752019816
5 71 698538552
106 56 727391827
90 30 850474618
68 57 438928661
66 30 914207124
75 25 248440272
33 46 360944156
52 12 92994260
12 39 986568102
35 36 996310916
4 19 181472123
6 94 228140502
58 63 823147752
35 3 816198265
52 93 753651389
61 11 351753060
72 7 13376360
24 69 139832511
96 68 548982804
47 14 737550802
51 67 78241673
55 73 251576770
68 21 8776514
104 41 684702052
30 103 857064472
30 88 645866949
77 75 426936681
92 106 49415442
12 11 29626904
5 28 673044405
34 77 882132544
4 79 296882061
52 49 33635028
36 42 574508926
32 4 674302717
47 22 948796334
105 76 -661335516
60 77 197870947
66 43 840023200
25 50 707730731
38 80 283733141
63 66 298942974
41 72 479810010
1 42 858300267
48 67 412921148
28 46 499564453
31 57 747394299
45 26 352997489
59 53 198047174
94 88 798982879
15 11 645108
98 15 67941217
60 84 630237440
83 55 577501171
24 53 942967126
42 18 172101358
58 25 8379579
65 68 233604244
84 103 583474128
106 45 48508623
20 51 386906412
103 58 290862231
1 27 931705771
66 15 568328222
78 89 861891148
57 69 907242379
55 27 487403387
106 49 16964435
63 21 785837349
48 17 911784583
78 18 502961208
102 14 381931842
34 80 117980887
23 80 147073694
48 98 285702928
78 16 821943154
101 14 129906074
47 55 139230320
39 32 883529162
21 67 539990101
21 19 848593857
27 45 377260273
69 38 145798599
61 45 753357111
66 26 872322637
23 26 434215494
43 103 169354663
11 77 951769752
104 47 365413998
47 28 383992967
10 24 483909724
7 76 414839054
38 69 45666320
100 32 520947537
15 21 907153190
50 1 532430900
69 76 561215347
29 78 163130601
92 32 584712466
0 76 768675160
96 16 986089235
8 72 695406195
80 105 8246480
3 92 47325505
73 34 15713615
27 81 841018253
48 62 85852966
60 53 677268694
106 5 669822370
84 100 199455195
71 2 938401719
56 11 996824510
33 66 356114197
91 67 387910941
2 54 656044875
99 33 118196019
73 9 712102837
59 32 177945856
88 10 327061163
88 85 499794811
17 35 492103859
88 39 215172165
94 70 141962639
29 30 698845718
14 16 590251290
78 56 409729127
64 63 515700912
99 22 114248971
101 0 377327941
77 89 421611900
4 87 200321433
25 103 752344021
14 48 688611688
24 78 313258346
40 76 226814228
23 106 489853446
16 45 562279500
31 86 770661605
92 22 578294137
2 3 878741733
103 89 473121039
22 40 327616040
53 1 132512562
29 4 619959717
89 37 382150654
46 3 198735344
93 12 268010070
53 23 874570604
29 74 19553379
30 64 807601170
64 48 725027793
81 82 636171058
99 31 43842138
103 26 878705304
36 55 271962853
7 51 452481939
6 58 86020693
2 95 455843615
65 72 488974212
60 73 185835568
63 105 915936154
76 5 72500886
87 54 74262776
12 76 978765775
6 44 749428614
47 60 383639062
8 27 67111224
73 43 393742448
27 92 583269644
28 13 812107787
89 63 318823235
60 67 834826908
72 54 931440527
106 82 709375943
42 84 546668186
104 85 820794485
97 41 686275944
53 43 665080998
53 96 915842369
12 66 393950666
29 24 672560167
93 41 450899853
82 6 485062289
22 88 388424847
58 0 92942671
60 89 707269009
26 19 484154590
22 106 903303450
92 96 664787867
91 43 583707224
50 34 473132886
6 91 10368414
85 44 390553956
95 34 753612192
57 83 999882325
101 16 527788117
57 61 187107851
48 71 9921088
94 67 699837228
97 96 696145416
12 64 914913391
14 5 146719528
8 3 131383565
45 76 642543738
44 83 886704006
106 10 983420023
106 55 638122183
54 1 340695943
2 62 155948251
97 62 415916964
70 84 317397294
41 92 153600426
61 60 135352366
7 56 508380945
44 82 226347603
31 39 273924356
26 83 811416814
73 101 465850496
51 2 375766578
46 53 137948445
41 100 301475197
53 99 751530955
19 61 537991260
71 15 589531203
88 104 -220370857
23 53 549320396
75 92 905717684
31 53 489589334
88 83 829150349
40 4 352011966
35 72 583642166
64 72 446467837
90 11 248616499
7 63 56262290
37 47 655791325
58 15 181878761
8 81 839555835
15 7 999834139
19 74 84637083
43 86 295574252
68 77 902145155
28 10 773086844
99 89 676121817
42 61 636308057
0 100 524647622
69 7 956015539
5 78 796304942
100 106 413684651
46 2 543285840
20 63 834412271
41 42 26736097
58 53 805395060
56 74 638238225
8 23 670784766
1 39 644778236
46 78 567288760
15 81 344999539
68 32 345100396
17 16 901912991
40 81 210136449
58 99 62613014
19 3 554291714
24 2 418115341
83 88 27382012
91 29 701480387
0 90 673347216
51 8 257579579
39 25 756923493
103 55 767543735
36 63 719140941
69 19 156811690
47 12 571785364
29 12 875767331
18 25 20795475
106 32 978038537
99 90 -745076018
79 98 117890989
7 11 762981369
46 4 413001744
48 61 541715437
39 46 833205512
76 100 786005047
19 18 677534751
52 7 514281510
80 28 145773023
87 19 972722086
9 96 49672761
100 57 668179661
1 26 782940730
86 95 615114157
71 10 822186493
7 79 848031384
7 4 361078338
63 53 840621847
17 45 718366517
21 35 474196904
91 78 231611483
39 9 298027018
16 100 221423057
94 10 757670416
74 71 292281436
30 44 894319714
59 49 510114484
56 3 583088150
94 82 20786290
79 70 695219109
22 6 872138920
68 3 241462499
100 26 714037535
65 55 35189549
46 21 652133802
27 88 673490720
49 21 216943590
23 12 414032217
71 13 892651355
93 36 935049466
47 46 945346752
55 78 825554185
51 78 412353855
1 55 964152560
82 37 902525952
0 15 737881318
95 82 459061110
95 15 842199138
100 51 418178307
7 59 966522933
95 12 190593961
106 61 20930583
97 11 738142367
83 57 500469475
94 33 896979210
49 94 545401359
48 50 453212838
33 8 408847271
70 51 997032799
22 67 593827198
28 14 -856314914
2 74 688262434
45 91 399795557
100 81 952030617
100 63 942970948
42 39 76834253
100 77 314832439
24 47 859134370
31 60 755494542
77 102 143607030
64 52 818904973
43 47 339470272
38 24 257488162
96 42 724195277
62 75 385027235
7 61 858037991
93 62 476722113
78 44 749021222
29 39 580499586
65 69 781658456
15 5 315700267
85 102 450773391
47 99 252295586
49 101 864797262
19 13 410345084
17 94 213167297
50 101 342265186
87 25 843218592
64 68 491456550
79 87 572058030
22 74 406840398
67 1 378225991
97 48 430947452
84 54 866405424
17 67 685955498
80 35 357607961
44 9 280120845
63 19 53517285
70 105 413360507
70 86 631644317
105 53 887602261
32 101 184874052
19 69 502594917
5 29 211087450
35 79 834041314
31 63 119943761
61 28 184590784
34 54 63925919
98 85 341234780
3 62 480568711
10 33 537500539
86 0 59537904
69 11 59602189
9 12 414445808
29 52 421581446
61 102 592418025
56 97 97624920
106 28 650463043
90 82 63806907
35 16 147003792
86 91 966238114
30 84 117917186
48 55 530540716
26 79 626150574
81 21 935370068
65 64 358296681
58 57 563582477
81 103 123857952
52 42 605305220
42 32 405271561
69 91 689438640
12 52 173108688
74 59 137528961
101 10 326092923
80 0 531937114
73 31 431881203
60 14 41487464
92 67 725380354
86 45 42227199
95 68 288239962
52 21 99580705
100 55 151534318
68 8 12947102
94 86 772635597
32 78 534626283
3 9 742715112
35 41 152571537
106 35 292953585
61 12 581483740
17 60 141540742
90 0 200270579
49 93 419984123
68 99 461985503
71 104 135779520
7 32 810567468
38 77 760020248
97 93 12101595
81 30 614485992
33 53 708219621
77 25 686535428
11 27 41454282
99 12 -446385101
68 73 648722981
36 95 333690313
42 86 584893485
72 3 344573039
29 18 985355139
25 23 236956258
4 29 595332616
50 82 354180492
52 10 923443299
95 10 862617394
49 79 466644681
53 6 48279649
16 9 929409574
11 36 68621807
56 1 223090763
30 49 599490627
50 13 599372672
19 35 399771774
44 25 600477775
28 104 -186340810
98 29 718826183
18 77 889335662
4 97 697985719
15 40 583935115
104 28 54338550
4 61 49959898
67 29 840400345
6 4 894345259
52 33 841469332
56 44 288765010
87 33 207985740
47 40 540796092
5 47 131753770
11 75 161492009
101 91 17069567
51 44 705795819
69 80 656615690
97 6 591921921
69 4 358479834
14 32 918738284
2 1 292281124
8 82 855383769
25 104 525493261
69 86 917403016
16 78 173273304
77 68 411921166
62 99 51110399
19 99 783568503
49 61 408514173
54 42 197941577
90 106 690452737
41 27 198628366
24 89 678618181
35 42 758213290
25 85 505520492
73 50 424653441
57 56 611273515
38 87 838584302
60 101 244642732
87 52 870805422
2 106 718164324
39 91 849174350
63 91 101373720
53 93 215793410
66 39 259878220
27 56 880678265
96 105 140203463
50 61 130885783
13 51 393134551
53 18 941812969
78 66 837247908
97 30 968710136
19 42 991434341
74 23 244211515
101 33 759835381
22 30 2535083
39 49 845687839
21 78 37192898
49 102 679913930
55 85 830876831
5 15 919082066
104 10 556254865
98 80 673508160
26 68 998366611
95 20 101326261
29 53 263017496
87 94 681301341
102 29 530916321
9 28 886302575
106 46 356731152
43 63 824340732
24 56 463356356
99 45 640326653
17 70 129158503
73 88 828511181
72 100 212791554
103 6 805201098
33 19 766377333
39 78 481631555
77 82 157123835
11 98 219464174
35 29 585659285
30 6 196997367
80 48 564097975
10 54 304953565
96 55 434170532
73 48 650225719
8 60 686739238
45 61 653844838
24 90 -517013238
62 11 234723311
25 6 601951196
0 83 337230942
28 77 262573229
33 106 332196904
38 22 692718058
89 27 837869907
32 99 602358672
91 57 845550608
53 70 350790926
49 74 918021994
87 77 451324259
83 78 4811488
42 41 207074495
62 70 83252077
22 75 821543022
4 23 199188161
80 47 681861183
51 73 300473289
4 80 787428541
31 99 871522875
32 56 793843527
16 17 882803642
27 32 616045263
61 30 372310297
97 42 447654438
15 86 622917390
74 0 456040065
92 7 908741228
36 80 920452923
75 44 646783706
48 95 813921061
1 53 392250636
33 3 373943148
89 90 412159089
72 58 243692588
27 97 926024691
88 93 263545958
16 63 833507031
12 73 108095848
91 103 781151035
102 101 149349673
60 31 588150262
91 35 473454729
7 68 626075830
20 47 99000676
34 1 29592749
33 79 985468750
42 87 291001617
101 37 506656715
34 104 639171700
68 15 699103169
3 65 127927446
3 33 618224769
72 20 751289483
47 64 692604910
35 46 35789136
22 3 400705106
0 81 88610730
92 52 834024861
105 23 791071983
32 33 823509316
2 96 816189537
80 34 438799715
72 80 534301184
60 50 780346190
22 39 739584711
54 53 477407441
80 24 944768195
8 80 15616850
94 81 885217891
29 49 775223791
51 95 84666409
90 57 334113221
72 97 879993544
74 19 31941536
78 8 464037439
13 10 997575626
89 84 187080858
32 104 312729811
4 21 689787601
35 103 780698474
73 1 864360852
92 101 637984219
40 99 281512179
18 63 339092394
6 8 419425320
32 45 868338042
20 98 810706560
54 24 875153172
53 105 766367994
88 19 24237987
87 95 30761537
96 39 954462884
23 74 284898049
5 73 890365513
88 68 73064062
101 25 430468308
11 54 917722261
98 67 167496212
70 44 408402722
61 43 54170216
37 61 653861982
21 32 447685312
41 7 731890191
94 0 992609136
53 36 190300511
35 69 553762058
4 105 876574794
103 0 7590622
51 42 343048906
23 78 219094017
1 37 889298697
41 37 292310574
77 69 736170793
8 26 216524923
102 7 741298621
83 50 154198724
58 19 192001461
83 81 615810606
33 100 187286392
24 62 -595609861
3 55 64347748
89 74 765076146
57 67 307274739
38 21 586986838
35 52 215808646
78 84 317312395
44 29 657896537
70 18 118315728
81 63 449428545
75 91 827433271
27 87 859436664
47 23 885596604
24 94 357675411
4 75 528073343
93 15 377170237
104 2 990333765
36 6 777940685
37 100 199647372
65 43 510366443
73 60 356883923
22 53 783379323
65 25 54108230
99 48 538321593
41 71 807937484
28 80 785544589
22 13 901951963
91 56 809762104
20 19 574297674
11 49 430360149
27 37 217002347
58 96 241887578
94 34 324159578
63 47 191826273
25 29 574255864
106 66 80249177
2 38 306422967
17 92 566587708
51 12 344087496
61 96 825871558
2 100 369152445
64 5 779732790
99 53 85579403
57 21 409350964
54 39 898832761
32 52 432339964
100 29 928995852
96 21 343448421
65 90 385641719
52 91 965659616
10 38 697826257
91 16 34087900
74 105 511973701
4 22 722382705
102 0 831863728
5 101 132192030
67 16 34735381
16 10 979296753
105 89 156790894
87 62 854704528
55 64 565066405
66 71 454520861
91 1 451756402
7 95 615097299
24 49 753636345
36 35 487762909
105 71 584871253
55 11 354934827
85 103 384139888
34 17 547579779
101 81 699945995
99 61 998240712
15 10 832781986
1 46 201869550
49 85 260674624
18 5 568793992
77 11 959495496
68 39 447529017
93 35 676729673
84 11 280334765
46 90 433438102
54 43 262193595
57 18 209673029
31 45 229063243
59 42 290788623
28 72 786169536
67 34 984995854
83 68 853538500
79 60 768102343
72 90 532635368
73 97 244012019
31 100 823647900
87 66 654787692
42 26 446012510
47 96 165640933
84 19 185409380
66 14 491699254
57 90 981616674
39 60 316318374
10 14 424967746
71 76 436015802
52 94 393596571
13 103 545879076
38 91 731575717
72 49 609781128
39 81 605351660
70 57 283250246
48 80 484684154
42 98 879752926
1 98 675910001
46 95 106513065
26 2 511334032
59 36 652856435
13 1 686548537
87 89 930497488
32 8 719762510
54 48 81898026
99 14 180061655
18 71 694094607
88 35 358394630
38 81 232726051
92 87 118739899
103 76 628588580
81 53 962981241
30 72 668053164
74 63 691932500
39 104 95137617
73 90 131032542
1 29 110763787
50 17 998645728
11 70 253152028
50 42 787899407
91 73 432158519
47 85 428516797
2 11 867738688
48 32 684268295
71 62 76369298
7 72 342891950
31 38 315794891
8 28 993956835
8 43 341274676
95 90 58059910
38 47 36586261
39 33 351839413
90 29 822722594
14 72 346848352
86 5 304468787
105 74 587450485
27 24 765941632
60 104 867179051
17 71 61153890
46 58 698850581
33 63 354804425
13 98 410466458
102 61 361801026
25 54 669174806
89 106 239468674
22 51 153791249
30 95 370658909
105 60 434241216
88 4 813666519
23 73 680161883
44 63 675345170
88 26 734197543
88 0 105262381
12 69 438378165
103 74 637084639
75 85 965391016
82 74 989540743
72 69 692834677
92 34 267262952
5 54 947008506
76 52 491355586
43 102 21687157
7 41 764889430
60 35 220274398
28 1 338369634
13 90 651553364
14 19 734523320
71 23 184203990
30 13 280187160
4 43 16695243
57 91 861557758
29 22 353102641
11 88 932486817
88 89 626065070
36 43 581721133
62 76 708190085
59 47 797338682
97 46 896243589
6 89 154474608
67 20 558338873
92 12 842558101
70 32 657139743
67 89 755788790
74 67 976440054
68 86 580483054
86 15 507509782
50 87 212684109
55 86 696931743
101 59 194835360
32 13 228202842
79 37 276256460
86 67 557579381
26 105 551389522
48 1 339759281
68 70 229118577
22 79 610475866
19 50 895621248
71 57 692015193
40 95 958627144
27 63 372811683
99 83 72155152
61 51 594031514
50 38 -783638959
40 66 940938474
51 75 297909792
22 47 542506236
77 24 649983811
5 104 788708179
84 72 966954585
19 78 41117588
28 81 773092182
63 78 590239269
55 41 601356397
81 80 992592889
35 40 978104651
51 104 722003646
3 79 544466289
98 72 211868686
40 84 173380458
10 77 419664159
81 27 272865797
40 97 656507909
9 88 922134650
17 61 435474676
86 7 769362200
0 22 300641049
97 35 851715376
16 74 546334001
20 38 474197483
51 63 118004596
2 29 487222968
69 10 832802528
15 44 179410448
13 76 740914754
9 78 631303795
52 60 440547705
28 33 607093052
0 44 746947837
49 19 105812994
82 16 731544340
36 98 417500859
71 94 326187708
82 11 270409233
44 100 638581983
79 101 541565376
56 54 658369376
84 69 912616132
17 21 272097201
14 71 144778454
2 53 912133031
6 19 929451719
49 5 651523613
80 31 -735472567
14 86 81988855
47 53 841105267
98 42 897050936
97 95 292960861
94 91 735255443
41 19 917651090
96 91 399043966
29 42 330276258
81 7 848980815
25 37 944703029
90 91 429273259
40 5 553757939
69 49 330280045
94 15 761634454
69 97 161075065
86 25 951960533
84 29 430293679
95 63 491693537
78 73 49749661
23 65 940512586
97 12 348736979
4 38 697335320
105 49 326930589
19 32 324924027
95 30 678357435
39 47 456670394
19 39 514500935
98 31 110104016
0 98 915298142
69 22 240651013
5 9 268118978
4 84 11502766
89 42 783265357
22 69 900504270
38 62 288420830
46 19 206032970
76 42 923439228
48 49 602095175
10 26 42661733
65 77 184402127
50 62 164033166
67 68 661311111
17 59 138281157
64 34 695094256
54 45 215343209
71 97 50584800
34 3 718083792
27 105 321502329
72 42 778171994
22 101 195495725
17 63 248241492
46 67 813794160
85 28 159333142
70 19 173685264
22 23 343127346
39 20 560967081
95 66 147211156
47 9 547517278
64 92 616803294
42 74 736539425
1 69 791105879
55 95 559037469
62 100 830408799
23 52 980339457
71 26 633510860
64 102 602937854
30 38 817646049
61 66 931229162
62 45 823104118
25 14 586752933
102 65 40633863
51 74 470003877
34 59 71982965
54 18 69297217
76 47 650238148
56 62 11972274
89 60 279018271
60 57 976978353
68 17 433228181
61 26 714684819
27 80 240407352
16 3 26738552
46 86 960754537
3 13 572099332
76 106 733002130
94 25 860662606
11 40 493775722
40 2 223592088
70 52 743258752
86 85 596248143
66 91 -160246986
58 77 902268289
83 53 471107094
10 48 209527984
39 24 899118715
100 10 775271025
87 1 52100714
3 22 461440971
10 101 727916725
65 24 209768110
92 49 118364247
39 8 758653930
46 98 790574124
34 61 824779373
101 24 169445089
4 67 269586402
2 8 180008589
53 11 744355267
61 83 398447642
71 37 268268936
49 4 795933835
37 44 640007087
26 56 135657557
60 48 194030243
17 0 566017400
61 93 895303338
61 24 570464006
93 44 160555701
1 103 427236417
68 83 79643591
43 97 597207172
4 47 -298627139
54 90 164094426
44 104 267796924
20 56 306474766
50 16 227175711
70 34 466373662
36 41 961229228
35 44 328433680
33 54 190908381
57 51 452166774
12 49 935310195
77 13 397282099
66 61 758084884
58 90 688353553
27 36 406056013
7 90 752536834
18 34 565609541
39 73 855568869
100 84 61664011
61 52 190620269
68 42 68606992
87 39 242107984
0 1 619836121
79 0 815377529
97 53 220279994
96 37 19203597
94 3 214402075
2 6 638932391
40 78 843431128
30 29 843997149
87 104 526198744
53 95 112449518
53 57 918691859
55 16 289754577
47 73 588122022
93 66 486886052
82 43 276043905
36 44 944472559
23 19 62277809
96 43 895480039
49 32 11280168
96 54 945627882
48 96 672905771
22 96 521411028
105 34 535601566
92 0 149002066
106 33 112487778
68 59 441663307
75 64 335971100
93 16 655411209
106 41 772477503
5 69 906842774
18 55 599889795
100 38 29196893
69 67 109906449
43 57 386294222
61 47 62052918
17 52 343453244
82 42 864873622
35 33 801499921
15 32 308400002
18 54 749254887
54 27 596319821
85 99 858070347
59 21 550252728
7 55 485983740
79 8 496389461
41 26 193411785
90 48 88498634
1 95 851367703
7 19 508186462
95 96 333262511
27 54 577192524
18 67 502732531
41 9 566558316
47 16 306514484
49 2 759567533
40 3 680459870
93 85 11691497
37 69 160201119
65 39 214794794
46 12 357353824
14 85 633780302
64 7 621772762
32 38 728499269
87 85 119113045
28 105 44924522
91 69 491185892
16 30 102578256
48 44 925292648
9 61 936706306
55 98 617894848
6 88 716650045
99 23 148504568
22 82 447342370
55 42 994996455
75 94 982420101
27 40 299865309
24 40 688554390
85 24 127822782
40 36 47679064
55 21 90543873
64 26 203639967
100 41 455049593
23 75 172704461
42 4 853217062
60 22 244925113
57 55 401191085
71 54 673697130
65 102 716760503
36 32 701259270
70 33 219738210
51 70 401395504
51 49 488244012
61 80 653692385
36 0 161125288
19 104 186635531
55 84 499681205
89 102 812794240
39 70 337261422
44 53 551069454
90 67 767913908
33 86 546240723
93 57 695493742
67 31 328016891
54 97 678483992
59 12 419957062
69 1 498603216
43 105 981561502
73 66 480191742
76 68 670434254
45 90 147633916
18 59 39726715
25 101 234222201
84 41 239747261
26 27 292222801
69 79 607107088
91 41 804130668
75 88 301750293
6 77 245095217
11 6 310006651
39 89 143962913
23 18 748299916
65 103 931135735
54 70 777603641
8 101 555450587
46 14 777617380
19 100 414466853
21 4 765559527
76 43 884154467
82 29 442690237
13 36 776143501
7 85 406094383
45 84 806478960
78 43 187434540
79 46 478663315
93 2 376192658
78 102 -491038198
56 22 457538284
72 64 969477819
39 40 442192586
96 26 229339017
5 27 818188885
105 99 225011780
105 90 809655248
34 19 607348021
20 25 236065911
103 52 445114098
44 23 254535305
10 25 703253777
63 97 948183766
77 88 128631807
82 28 712835957
89 3 852927757
78 6 455621880
27 12 383039470
93 18 718751363
80 52 144057304
52 80 751869831
101 60 222470546
59 46 47257905
12 4 633564159
10 79 501313527
45 54 263024471
53 73 997596262
30 105 278840492
24 11 761275277
77 10 960078602
84 10 263505104
90 52 879128524
58 42 490644577
49 6 897154070
82 54 828723182
56 14 463698575
20 71 420064326
17 73 393113733
70 20 83515236
104 3 316877810
94 11 689364108
17 46 694252618
13 99 43660898
62 106 638058667
82 27 100264853
21 76 614720921
48 83 612834734
60 30 705313096
3 39 17868853
0 24 323534992
88 45 777787478
8 2 348230895
11 8 269097949
33 104 239083620
72 75 49153007
88 6 289951022
76 58 153984949
30 14 863975193
85 95 605448857
2 28 653539859
82 65 10152415
6 18 640959484
93 73 832358141
23 58 854504576
46 62 403467518
77 95 916924055
100 13 808585589
46 24 777797004
98 44 628860560
29 65 610604217
39 34 256634401
105 81 444800722
28 37 482862125
38 46 739436634
94 69 117281962
76 74 819500525
76 3 663191532
103 80 693137130
60 99 635355568
16 26 709730733
76 64 12523789
98 0 569346076
74 65 649732812
100 34 223503344
53 35 705802518
106 50 221760315
23 30 932241493
44 81 757257354
44 32 257185640
29 84 587945346
29 94 689351389
95 54 985039932
32 102 498818895
88 29 851452282
2 31 264706039
28 44 517648452
78 68 121319002
38 60 804710786
54 44 978013296
87 68 719784953
103 73 597826144
7 15 31069351
99 27 695949477
33 60 806932274
38 79 523924319
68 63 495892248
44 106 886282691
103 88 72298727
94 23 287147282
27 61 625204929
75 61 436485964
91 14 925288504
76 93 410503602
94 62 718013505
77 45 642998299
49 59 151719082
1 43 190368516
59 100 147258984
23 51 465325636
28 73 484314926
23 60 218020042
42 53 787412756
93 23 807231638
41 10 68547941
13 25 10728359
60 46 354003165
96 97 515199598
99 50 241350509
48 65 907303569
14 87 946140874
45 102 69972044
57 102 968032273
71 98 853003540
66 86 91751612
57 42 892850011
35 73 452892085
31 103 162148170
67 11 257931691
57 16 987092122
19 102 671848837
103 83 354038395
58 72 799290020
92 91 127281534
57 106 219377447
8 40 75738055
105 15 481855031
52 19 366481355
42 2 387767155
21 42 657670614
29 63 577413836
26 85 963866349
58 17 615336063
32 105 872310248
32 103 412880687
38 104 626570911
34 64 747442170
55 67 923951955
0 51 52415929
84 93 830693401
73 84 162392060
81 75 740152282
66 34 206908686
56 45 161090032
1 21 860982489
78 62 639787197
84 81 986401470
29 77 357538365
20 96 930190954
104 53 684859573
66 18 992484041
68 46 761299025
69 42 243768547
16 36 354358493
44 70 51686761
51 32 12232072
38 105 49496910
80 59 501287289
70 63 58753548
32 59 260845685
32 19 -51539465
14 44 8242995
0 80 709917786
100 58 468143458
17 31 529124003
96 59 783934994
23 48 971947187
32 28 284720118
32 97 187969931
104 6 554769735
41 61 727764602
92 68 357620714
37 91 210011443
59 103 75969098
104 79 496509991
83 79 767395442
7 71 356252645
99 44 642314397
54 84 978922999
55 24 977269880
12 21 529135088
62 44 284951508
23 2 219170587
105 0 700592251
17 72 725534501
90 6 476549919
20 68 839530763
42 78 126047953
85 63 493112468
60 21 618709209
49 7 967601862
12 7 867325190
65 89 43104147
2 4 331012215
1 102 689578724
48 14 681594099
65 78 355373137
92 35 778353894
5 33 381458595
80 68 583964691
53 0 318164314
62 77 816699909
22 38 188013914
15 25 383305120
55 30 338075667
4 103 266727106
88 27 765490207
76 63 367406738
99 106 798665853
15 92 46324791
56 105 863114429
35 68 580390373
12 42 634251117
4 56 735187403
104 68 121524857
18 78 775426871
19 12 601982131
1 36 689447394
76 7 722865626
76 24 372495681
11 33 911407429
59 89 789142271
9 40 339295604
27 33 198597960
74 57 328398455
18 65 80525807
7 6 292702276
64 74 347705535
79 52 684723415
16 77 524436105
18 9 265319808
45 75 154540933
26 82 799428608
88 74 271999700
62 97 230887507
38 41 790459617
25 90 618555021
100 49 629947712
18 102 197205639
44 78 730779500
87 21 352710699
33 70 429239548
93 4 464311181
57 27 4687548
69 3 185959423
82 78 626953663
41 62 108908659
24 48 177104486
59 43 753303038
68 31 156894130
77 71 59125905
16 37 455060519
106 79 552945802
40 54 264640407
66 1 15094486
74 95 128177230
78 22 743749814
76 90 1644686
30 3 711571010
24 23 723033056
93 99 468782061
31 79 637140001
40 55 594610200
92 100 2683065
100 82 945947932
6 14 13079844
69 81 716906877
101 3 454560163
106 90 250327892
9 59 806003774
62 2 639446495
1 32 269191129
106 101 40220405
21 93 116022555
56 18 235688670
54 105 587430677
57 44 745262325
7 9 210420280
90 68 215603773
27 59 536882800
101 86 726775525
5 75 872160944
72 103 301576362
90 86 280169436
63 81 786397092
13 68 733524970
82 15 396008059
14 90 447102860
89 21 280732880
49 17 620538419
31 40 951888750
98 28 909873601
82 18 728844750
28 58 157264038
83 85 102560439
27 55 352815412
61 92 887661724
100 60 283491230
25 74 737271946
63 6 666239594
13 84 684853112
88 98 60931446
8 74 250612994
93 87 482827746
26 63 767134350
99 100 245852347
57 6 666767459
102 64 880277916
66 41 940969329
44 58 571248612
10 63 870619294
101 18 323261393
47 51 6520213
47 58 644566508
88 86 469522674
26 51 81633783
106 100 391791183
47 106 652098046
22 48 826640638
56 40 392616612
23 37 184428125
5 8 16957610
57 43 804046430
18 6 274528021
34 51 608037630
50 64 852891382
98 56 215599393
89 6 437565186
105 7 885470519
29 64 17037405
60 3 122227089
12 53 934731218
44 76 603708503
2 14 178831919
46 61 563856903
20 46 2940039
61 106 321497039
19 0 113773405
68 76 16105197
106 97 152207343
56 31 797713178
26 47 248580107
77 58 411319226
105 8 461887016
64 17 286709114
63 104 381622884
95 35 822271746
77 62 403444484
95 81 783880076
18 17 995319496
2 67 72910688
79 9 386025095
37 28 294457358
32 16 811538551
15 45 673301826
102 49 214204888
66 36 930418693
57 78 618946877
42 33 400694311
48 94 265317806
8 106 953511091
24 22 545989084
5 58 844035762
22 76 263958219
67 52 118807344
77 18 829206959
98 33 784604015
103 86 746979325
14 80 6327302
11 58 750749273
17 81 967566907
33 1 344968739
22 97 984089764
75 89 450847614
50 20 657886011
52 44 89521116
80 41 273587817
82 85 118599101
37 89 848639708
56 52 145107811
28 19 981766599
9 2 885849921
51 18 622215138
42 16 658625754
92 59 988076545
98 60 -40106837
29 16 452868379
89 30 25125131
26 67 411425023
90 76 319147421
39 35 152303401
16 20 315385597
24 14 551659807
102 84 527666752
62 90 40498682
67 33 876251960
13 85 869666576
1 17 116394783
5 39 200938672
95 51 322368507
106 15 773569040
70 8 957485342
65 59 404468546
14 2 81636101
37 101 313669390
60 63 652723920
51 91 944543181
82 89 36111410
10 13 465027427
50 70 53962123
51 69 720050154
88 73 753776552
9 31 303715071
70 25 287983297
58 97 61933089
88 72 833430463
55 36 965171305
30 36 81760809
40 83 154245030
15 18 566565164
52 70 202100435
75 83 -683156388
46 102 307426159
72 62 518641883
20 26 628166267
22 62 807122253
90 13 852235050
35 97 144423756
80 106 361563572
45 80 750890495
19 92 814471046
23 97 49869348
87 41 644795103
96 63 518874811
7 105 373662424
53 69 178754749
89 54 285444681
36 57 155032597
54 104 161434657
68 50 42260272
58 68 361604567
81 98 595036063
104 55 706027268
48 29 613489569
76 0 176433135
3 28 991309636
99 101 173906661
50 83 656396656
98 63 673041093
51 55 262772686
23 22 776841528
58 95 537137291
9 100 866294557
24 59 60954754
22 102 498254471
83 12 499493258
102 59 440867727
98 43 243935230
15 79 363089843
30 80 603407365
79 72 215835379
43 11 51485085
50 33 77136350
80 95 347928061
38 99 326855563
96 53 914501180
42 30 923044511
0 34 25294787
77 29 686172777
19 76 182483415
97 36 191793034
82 13 315614144
74 104 782041018
42 63 772233397
82 20 634509055
45 22 898742930
69 16 115737127
82 104 756502245
54 2 318270943
58 61 899640819
83 97 519019135
64 83 623952880
23 103 713739192
93 7 790770235
42 34 469510426
66 24 258507637
85 0 76940695
65 41 608789520
103 105 688915563
65 42 502063582
90 10 619300654
29 6 3972097
94 40 440824201
33 89 599982654
104 101 714637685
18 96 926206731
105 19 319180095
33 40 582549386
21 80 212730027
106 60 592466861
36 90 625721806
103 21 690856925
43 2 876333015
46 44 954273181
24 97 61989284
59 8 614866598
10 103 352196940
75 1 300952842
78 64 807666927
35 60 337489744
80 27 572853272
16 88 163695591
5 38 490614844
38 11 771992369
3 46 594716505
14 42 678593033
18 92 979236484
41 82 862162658
104 51 550900457
72 102 693530715
106 58 657857309
94 61 59788872
72 63 180479725
16 38 308467475
58 78 914121275
5 89 894463203
0 29 781970499
78 25 674348759
40 39 603171871
15 19 723652763
100 59 280412750
45 51 327833679
88 24 496093448
23 61 9946344
68 41 611172484
11 35 42826611
62 46 814774070
49 10 31502561
53 65 411426994
60 44 222608199
6 7 278617889
61 95 24162273
76 81 473544184
23 43 717904615
31 26 -590280615
0 67 375557270
4 98 244996239
51 102 150557166
6 62 517132247
8 15 294981760
33 42 347562931
29 75 419233689
5 59 507173176
97 17 623288492
86 71 27321210
91 5 583578161
63 25 483781045
81 91 298487349
102 47 346320506
63 62 215602301
85 21 59175102
80 18 945969852
85 33 318806217
85 60 857897688
66 57 166443715
4 53 140916475
29 55 79220714
49 43 303268302
82 58 813422997
68 75 922363782
64 65 128700218
80 94 560955471
80 86 987808640
14 57 280105845
12 34 256502654
75 29 186560563
83 56 625883651
91 97 129294871
85 89 893517977
2 66 783872261
67 81 639545298
60 1 127546141
60 56 180425581
46 104 825857515
38 42 439658563
15 82 213547025
52 2 219486257
9 24 904782651
2 85 545249898
44 8 775472333
17 75 119521085
105 42 925251083
44 17 395065602
2 34 273571089
77 79 985485430
30 70 630304099
85 2 649634286
82 97 191162000
11 104 913211910
84 6 819364004
68 33 474384759
84 64 397788909
65 61 361078632
48 60 18962832
78 45 867222093
45 2 337919379
47 5 562142276
69 36 179366027
38 68 685182656
40 26 979305778
39 63 902700816
100 7 267624239
97 85 592839306
7 18 248388871
45 100 991016553
0 38 342305512
68 47 300817362
64 25 484340454
61 63 914633736
69 104 321234579
11 92 778049318
58 81 379333148
44 94 987643406
79 24 788403752
58 84 832687147
10 11 520146292
37 13 916070972
68 94 812623970
101 103 833567888
104 72 122348161
76 11 83625739
78 34 271254792
73 19 606601437
102 88 478360516
3 60 536350380
34 49 411005605
46 74 430971108
96 12 212608218
38 40 171516419
66 103 450369483
5 97 165476031
9 54 175407954
72 94 563163771
22 55 325848651
3 25 945046334
35 26 11583433
9 52 163623926
5 82 338376643
0 99 703478265
8 39 548061879
17 27 81388993
21 36 364329131
57 58 438323428
72 66 863229872
12 88 429930576
34 89 958797437
33 21 411931184
5 50 443420825
31 76 437632876
97 33 60930638
31 8 804724695
106 19 983695157
63 106 635507553
2 41 1995594
87 97 907198168
17 93 868763636
68 92 554916332
7 30 774812630
37 93 222659972
10 98 873288133
47 81 260683733
34 20 2394921
38 103 633093433
8 90 499843862
87 88 437257180
22 72 571893675
96 19 430195499
31 29 80156589
30 8 570166265
67 41 252271684
97 89 734668578
98 45 629079744
63 85 701027918
52 106 663361916
23 96 486528962
12 26 916466003
58 24 657289292
102 39 546041271
73 64 -914183713
89 55 965006710
48 70 280067634
58 44 325049073
95 22 941545590
31 58 589794818
31 74 794730693
35 12 379095565
105 50 739486104
11 28 669261503
15 89 705094167
29 71 463780293
62 78 446393336
19 67 452230577
15 4 851032962
35 15 537557938
85 45 741789609
80 38 739690078
25 82 898921628
96 11 101673153
105 104 110162233
6 64 917110074
77 85 950234715
19 36 975399133
30 2 501726798
102 5 152513898
105 94 640890031
83 3 156595922
7 91 -385651274
43 65 657983728
19 52 842819472
14 1 345535432
63 57 178292137
81 16 46999515
23 71 152981029
25 46 829323859
79 84 913074687
14 78 121874293
102 62 748421867
53 56 849048361
32 49 540736293
51 24 565414260
12 28 951787340
71 77 603103954
20 73 979361808
75 4 752254383
77 36 720020884
67 15 286009954
90 55 322444395
64 39 124219703
58 102 603268675
106 39 505229950
74 22 287639761
102 35 791306492
67 5 215302121
63 9 992692212
29 26 314989493
69 54 35542093
11 74 196830028
34 14 718796777
83 36 307544471
86 18 857760392
80 1 615095923
86 4 782612599
13 16 93980807
14 65 865449104
38 66 689180532
63 71 758467522
86 81 966910683
47 95 702206140
26 88 23545133
95 58 720975438
83 26 982189067
37 86 795751362
35 59 308226790
80 72 491922797
8 20 812020667
83 5 319691150
92 51 706500971
47 52 -794834561
1 10 602757232
74 49 505675284
94 52 996736261
38 56 64445318
101 76 543465240
15 75 824456099
36 16 524771865
85 39 503518034
63 93 746807647
48 90 106435519
100 104 446075182
54 100 114134120
54 21 276469021
56 10 901195825
51 31 560922339
26 5 594518532
38 82 761997398
68 90 361479854
20 5 919170024
104 62 412431947
88 9 124418864
85 86 907516030
61 10 468272540
76 71 840491121
45 101 871178215
25 53 374016159
104 50 623079966
44 1 96692790
103 87 983702897
78 61 149795240
8 103 973915497
103 7 214112316
6 24 316701094
98 23 538619242
34 10 12876541
94 41 1067286
71 60 348437767
34 96 36234646
26 17 147013038
5 105 821022111
27 31 413318629
53 75 702859475
52 40 780329846
26 42 606306645
24 44 164475225
