22 420 11 1 20
19 17 202408485
8 4 824991417
17 14 548400527
8 3 398013688
6 21 986078300
18 10 861277725
3 16 512355600
4 8 260784587
4 3 908435516
6 20 493193024
10 13 318983109
11 19 213182775
16 5 761782602
5 10 211520588
17 13 208102067
13 7 81234740
12 5 613561715
20 17 234467136
3 8 88843958
8 6 -90704492
5 12 285495532
14 9 797924994
0 18 69926296
17 18 695384992
2 20 776986930
20 3 439116394
15 12 422472269
21 16 670590689
11 3 391501882
20 19 734734858
0 1 419028704
17 20 247023365
11 10 712042258
3 4 -693816960
18 9 -549572112
6 0 709376394
14 21 200288118
6 17 510876093
19 8 368904354
13 6 82864621
6 16 672079784
7 14 692318172
19 20 906219230
9 5 97180719
15 2 153504770
19 11 530403784
6 10 288798806
14 16 264882585
8 0 712251840
10 6 112723762
1 21 958042828
6 2 822456388
13 10 992873632
16 13 45292044
5 7 854866809
9 17 302637805
21 13 594440501
3 13 407893533
4 5 644496152
12 2 12057017
18 17 382509766
1 11 917590203
7 2 759766703
18 14 202914828
1 3 976359147
0 4 581394284
21 8 414105311
3 20 563785936
21 17 556472408
7 18 588403571
17 6 456611135
14 19 266093533
11 4 477623890
10 18 922237521
14 3 82970802
6 15 563423078
3 6 706611078
19 10 133096532
6 7 891037591
4 15 522494275
15 13 114990855
0 20 63995700
13 0 434266362
14 11 924278828
16 2 644119094
21 0 147580786
1 0 203886893
4 1 138604322
20 15 686606412
17 12 480727432
13 2 683919625
2 6 403351254
16 11 15667584
3 10 809055548
2 10 746508852
1 16 371128946
17 11 566022724
16 17 404920459
20 18 669976701
3 14 215761423
0 5 544393856
4 21 569979061
8 17 98667037
9 13 754046511
13 1 959395086
16 8 558509715
18 15 24799455
10 16 164348882
11 2 257122549
12 14 267674819
14 5 682006162
10 11 254655991
20 4 872850398
6 13 135939483
4 11 536415432
1 9 202083779
21 11 724465696
18 4 644155131
2 11 396611131
20 16 361681267
0 19 297719656
8 18 775451110
17 19 777553612
17 4 173233673
6 1 212864730
13 14 639724927
5 1 323210767
14 1 396091878
9 11 858292465
15 18 965823124
0 7 470071505
11 15 206460729
12 13 543731364
13 12 192635285
3 12 -541910955
15 19 83810492
9 18 515216729
9 8 977157927
18 1 451136975
5 21 102301929
2 18 102024399
1 7 419172574
15 20 375300038
17 1 23712349
17 2 154708999
21 20 912881804
9 0 481302671
3 1 101271896
17 5 73595651
6 5 670644480
19 14 873228271
14 6 26288581
16 12 406690319
9 4 224127240
12 10 883028446
4 0 563004858
4 14 95083833
2 15 772120971
14 20 -141706980
19 0 598889630
10 7 100606789
7 12 769733814
2 5 966026966
11 12 732341857
12 6 517460077
1 15 886224551
5 11 664268086
4 18 505580266
10 5 572762940
1 5 521127291
5 17 408435987
20 13 744923475
18 2 252492377
15 6 254969822
10 1 674305396
16 9 620328210
20 1 2724767
12 18 505590556
2 13 684383339
18 12 537679017
7 21 811252847
12 11 569355246
20 9 429114896
2 7 690842089
10 9 829599926
5 13 622842337
0 2 881902737
21 7 392525656
4 9 945384532
5 15 739645495
16 0 621768162
3 19 438509476
15 9 214155347
10 4 895679619
21 9 135638281
12 17 842075256
21 1 573235881
20 6 972417278
18 5 586645418
14 13 775692419
18 21 34546986
1 6 177305315
15 17 794205564
14 15 245182816
18 16 352621096
5 16 73675978
10 3 622618568
10 14 910744451
0 9 172617753
14 8 928875585
4 13 483726710
7 9 824559868
1 2 886297270
16 20 867583031
4 19 92902957
8 20 368340070
5 9 747789551
10 2 653819190
2 14 748324123
21 12 615733970
7 17 482490950
0 11 252150812
19 13 118943410
2 16 347499534
13 3 950786751
2 19 687132167
20 5 933195259
0 17 143187866
19 7 337308095
7 8 582836683
3 18 944615011
14 7 278511255
4 17 596870340
14 4 658303843
12 7 827775571
8 7 150105141
7 15 667880176
8 5 153471215
10 0 505799339
19 12 455676446
2 3 565189694
16 19 141647717
19 4 246730865
4 16 523829267
6 19 840500966
0 3 200224504
4 10 316031528
10 15 641700790
10 17 502564176
0 14 663207302
3 5 184472535
11 9 52451880
14 18 873911610
7 20 56581006
16 1 641041131
19 9 12272659
11 21 785878172
17 15 690998049
7 6 184298708
1 19 633055187
21 4 485995368
5 20 440950186
1 8 834173004
15 14 387280702
11 0 404167482
5 6 264368595
6 11 602846026
1 10 754934516
20 12 320838319
4 12 272975100
21 19 391526415
6 18 250040123
1 14 -400267163
1 12 865960515
10 19 117487160
19 3 303312837
18 7 354584529
5 2 773861864
8 12 95860067
14 2 824538309
8 2 565983392
7 3 592503743
1 18 487446297
18 8 455692080
15 21 358281982
8 9 2744914
3 9 684810478
9 20 326460034
5 18 750708850
10 21 873311738
1 4 941169642
2 1 424852145
13 17 185098953
10 12 633131822
6 4 715836579
3 17 315627061
18 20 6487329
6 14 39199465
16 4 418052261
13 5 506742044
11 8 257980112
20 21 502144351
17 16 960023086
8 15 498251942
9 7 442298409
9 2 514373685
11 1 436486113
7 13 600926283
1 20 972627472
6 12 254622029
12 16 791064916
5 14 344260790
6 8 541240222
16 7 348161161
4 7 504431982
1 13 265717144
9 1 928330108
14 12 -78935040
11 14 871781555
7 4 224706079
12 20 107539344
7 19 240095992
8 13 562612477
8 11 589720847
15 16 614360139
17 0 436150766
13 11 88133324
11 18 299560480
7 10 563367012
2 4 112952809
5 3 897000328
19 6 325120217
12 0 714543885
8 21 -767732862
20 8 609950344
9 14 309816882
21 18 689290028
16 6 981365274
3 11 850889986
11 7 363160459
7 11 121952181
13 8 250463948
16 18 250455164
2 12 125048573
0 12 344682294
1 17 119120240
2 8 839135038
3 0 444350024
0 16 753118691
7 16 997859841
9 6 -463518783
20 2 -645555749
18 6 931891400
8 16 970384830
16 14 959030878
11 20 169588441
12 21 197565019
17 10 189028086
16 21 483751014
0 13 648298737
0 8 499650152
5 0 21446927
19 21 663164737
18 3 347920416
13 21 496854437
2 9 883434142
9 12 638109740
15 5 938399810
18 0 191070809
13 18 529849815
12 1 116275529
8 1 923804595
13 19 274077215
15 10 901155738
7 0 229185371
12 19 47297598
14 17 785430184
11 13 911875911
9 21 948543095
10 20 220361708
15 1 548696617
11 17 600969742
21 15 6733291
17 9 27500644
21 6 504900051
5 8 138816691
20 14 720442141
10 8 319850903
11 16 548304705
11 6 453157259
19 16 386817034
14 10 439633444
17 8 747672132
2 21 57278215
3 2 49536734
19 15 34477644
12 8 897542202
8 19 386651387
2 0 893532165
20 0 -397482125
20 7 141822865
0 21 764021357
13 20 405575252
16 15 853154256
15 11 41246146
4 2 507693112
19 5 815367267
15 4 307938171
15 0 871313218
3 7 395081818
18 11 422841786
13 15 976763526
21 2 213436674
18 19 631439618
0 6 126762868
9 15 529302765
15 3 836491745
20 10 191478662
12 4 477695968
21 14 507661412
