2188 2264 0 889 529
1738 1272 514862853
1104 657 504602582
58 1253 825302593
910 756 250609906
40 569 174199815
1477 27 68995056
297 1102 863685004
1715 1192 888430
848 244 262229793
816 458 199878930
1711 1001 685078024
1583 1447 680157043
1239 1711 394743473
1447 2117 651138107
482 0 938183049
307 746 274690501
328 2152 430606921
294 470 985302702
1707 605 736003301
1218 1070 56130998
562 2185 209025314
639 892 669168930
1184 1911 562873997
1357 1804 613017645
1799 2175 34348422
276 1329 92228607
491 1356 779457793
844 254 506156694
1659 1076 882539398
1947 1040 72223108
1823 2150 639203125
731 754 133159328
260 225 177028098
1188 631 851871525
886 1756 89254860
1868 1544 284971308
157 215 781763231
85 1757 115528218
1116 1084 641433527
1914 1904 552225109
647 102 548828672
2169 1564 499091744
599 2050 421904222
1763 1324 650080818
1240 1209 400628035
47 1282 241261611
133 1163 370052055
1293 1548 407962957
741 931 142750914
170 1407 109230185
1729 1610 915683421
999 1399 218729910
223 647 380409575
1706 643 252261333
1333 1508 233881752
1004 1063 452796688
320 1946 456506212
688 2138 556369588
2099 1210 431241770
2110 2064 622932568
2119 1113 13718354
2147 2076 604083993
702 96 399820515
109 1392 160545933
1618 1587 631770590
1652 50 86665602
602 6 387780696
2041 789 639200011
687 2067 701567393
671 1281 960444996
1815 1352 988713858
1275 1571 867382665
796 863 42340166
1984 1935 739618817
1946 1041 713013342
1444 1336 158847903
1056 121 326429405
464 2187 523421001
92 1473 654312458
1445 256 729138469
860 1744 723553127
1324 1740 824624257
165 1633 826991079
1190 1710 315870885
1845 1687 131133699
304 1730 106356800
1660 786 396387440
1360 15 184210446
1681 1235 243208373
15 351 529815888
680 1872 849575459
1502 2155 469393480
626 2172 808759412
117 97 69951112
1922 499 123273720
1489 2029 275815912
113 1875 53304007
277 54 808410436
821 285 866143849
498 1560 989703942
1199 1974 267093542
644 1262 728164172
1761 1561 244036235
648 1427 524154117
1339 1425 239931075
319 185 391276939
694 798 563595926
353 1156 620743419
1925 56 288030232
1247 438 30653445
2046 1968 299976209
1508 384 176690343
1734 1150 679325879
2108 2151 248005456
1526 736 92964302
1841 1198 247967298
1335 510 654780098
1223 758 20464168
1551 982 89547885
1733 1480 132834897
1298 559 965295722
1559 1159 456971149
913 329 193410371
1770 851 394718484
443 414 688021753
1319 246 585066276
790 1653 364510363
308 1124 938906841
954 1059 962687482
369 1866 717935188
1881 1581 400446525
344 1 666942820
1975 884 985617169
753 914 372605703
1620 159 420222087
1972 805 369689392
1283 1178 17854494
622 2034 944022209
1149 770 144963690
2165 196 634950053
333 223 241624405
1484 488 908815202
705 261 862003196
1515 1785 725810542
951 1081 993810297
898 938 279630986
1996 1418 17454344
1314 728 872471997
43 666 99041060
57 492 328679008
1388 39 777646903
1034 1677 720238569
662 1889 21908879
253 1099 907623060
1441 893 756173648
514 917 32399895
589 1607 248587839
227 2078 164008026
234 552 936763732
362 350 362862874
1592 1874 652522178
1562 922 938226948
2098 2128 243978283
636 242 508438426
1892 757 126517043
1216 895 605139421
2066 1280 351629811
947 1331 621714875
1452 207 937861326
1107 708 50021167
1021 1585 74130684
845 1274 813993309
318 703 549702350
1161 1242 35096453
1989 999 65079060
1663 1727 490928579
946 2090 49487541
1182 1445 538634389
1168 1835 632800103
1234 1390 373255730
899 977 55874883
32 1619 750709851
1756 422 331553736
274 1334 882252241
335 677 110333062
1888 2036 254204116
757 1907 558724285
290 1080 460489936
1644 1520 262331228
2174 792 155657394
1739 1773 270347890
1771 426 478209166
1520 216 364644364
2065 1457 813384877
2050 1292 244071270
610 1023 690175958
755 975 4930270
1201 1982 538846173
563 2093 178656062
180 307 641850755
505 1612 911802722
64 1894 75520928
151 1837 806256552
1986 490 42132775
306 1590 611600024
299 2037 163235735
704 1374 117339816
146 276 738184398
433 408 447118669
1368 1823 545286851
1492 179 673054087
937 841 735036021
1251 210 991605954
1453 326 619967492
1075 233 262481269
594 1236 687569991
1866 1011 767718304
662 260 924116052
1542 537 152127304
6 1791 906996557
760 711 136657816
1092 1145 133367494
548 183 867550418
129 388 456352247
1345 983 217759012
1294 775 683463349
655 2047 759224895
242 1726 729396567
931 1589 581669919
1281 844 869514407
1931 1615 156749363
1784 1917 48878321
1538 227 387030929
2151 731 202152935
1550 1522 798992799
1258 1928 336750764
1554 1998 273311774
515 553 985646099
569 300 386868308
48 698 955264372
254 36 593566463
407 1228 14014877
1322 1651 166701286
166 365 487492321
1832 2024 826543325
603 312 809754292
22 710 274477062
534 1428 338533274
1584 127 331610023
1773 1114 561006574
2107 807 132913893
2070 1961 513715325
1645 480 509568243
1965 1368 767523659
1818 1931 152823727
158 1662 410120010
977 1429 91978402
846 2147 868009325
1999 1846 149270487
448 249 360571397
1721 1385 96628522
1042 296 720209249
1500 1944 945854954
1587 1760 669636385
1268 1912 905337360
467 2014 243082118
993 1580 331750631
529 1489 767078387
283 1666 907981916
2040 1442 776679261
1909 1807 778951879
1861 1110 395649894
1964 1840 831788005
2069 1300 852054596
1887 592 786556644
387 323 538330174
958 1285 442192005
1005 120 424575598
1957 1469 20566
539 295 440225990
1065 240 661097815
1063 1724 461240089
1956 330 62999861
1506 2129 725077559
78 1915 284958085
364 1410 131068242
747 99 861380250
1724 654 189151691
200 226 754494990
281 1464 579132461
2182 1991 588092552
2028 573 673376114
1065 682 454166395
1586 943 847894636
850 1709 90814450
768 1155 301908777
588 1885 663481061
524 1261 860206540
1383 1017 759716080
490 981 962014356
658 1615 251271746
1998 1997 520508060
1579 1401 430707430
147 1806 115648127
1217 583 856894784
1262 1986 396674163
549 1396 255698096
718 1515 747820248
883 907 573613876
604 1338 873516617
1250 644 835899925
2116 1826 666092272
232 1460 953740731
593 2027 353903463
2083 633 460677689
168 1077 269779136
55 823 344045306
1476 51 319009853
869 355 819616286
770 309 728798822
1083 513 441222025
262 1972 527207824
546 1119 972951617
552 866 430356012
316 1981 277656415
989 271 205987821
295 826 153646720
445 123 980669949
861 1631 943697437
813 808 405225765
1044 1471 467159924
1498 597 732697920
98 1881 650499322
176 1361 981421319
275 1767 629559491
707 753 937766107
1487 1288 138395817
1561 318 936060614
1552 850 490441054
2010 387 604385984
1051 721 644721747
2142 2131 788386966
865 1963 497694908
1806 1042 323625571
1516 1009 169045286
774 125 648155125
2161 678 589036009
2115 515 760665864
1308 1519 91248404
1128 1122 294076238
2105 2159 312023833
788 2146 266447701
1664 471 705903860
1270 1271 167641988
528 1259 608188576
1354 955 861142008
1018 1924 196675200
142 827 500768749
1461 1199 182615003
2009 694 135239703
674 751 625960794
596 1574 106968427
586 1834 154429823
499 673 188779434
1344 1244 413759687
2094 1694 808970747
1601 239 119033964
1079 1032 799667283
1677 2186 194873385
677 262 529614350
824 1910 4653835
420 1822 237561992
1478 2041 674071422
82 265 165936738
1634 1106 308790628
1219 2012 386416613
7 818 419014179
400 1186 807460788
1662 1251 927268034
2118 1498 699020034
1043 217 106021299
612 1443 866673568
79 1805 457758145
1392 1014 121983934
1993 236 273449758
2172 968 161209467
1334 178 196970386
1185 1180 703192326
2035 1016 306459188
1071 1417 46362404
799 146 345175457
1244 59 994743221
350 905 825886022
1886 1556 333183304
484 1925 266300078
1081 1456 829364401
1501 2104 695916037
1544 129 873571624
386 767 959486758
23 1510 631277703
2002 1770 1315127
1970 176 240256030
270 111 824873233
712 793 692228657
904 965 382121558
1830 1665 675879979
1655 1673 285164695
543 935 575754997
1876 845 105153234
837 1638 573795845
74 711 32257678
1007 628 596062887
1429 582 376602812
1110 1142 837416246
228 280 376238805
1481 48 151911994
1877 151 783606810
2148 632 785446962
225 1206 367871057
1332 1852 598381796
1037 383 663237842
21 727 940951595
2125 64 469752601
811 910 373647987
162 1413 863364086
1688 939 43348956
2030 648 473870551
1802 186 639429007
190 625 809887766
537 1534 772111524
86 1111 903200740
1987 1036 866561626
744 1905 715887951
194 2059 696978853
1494 167 252290516
2176 1758 377155661
1603 1318 150060305
1284 2170 316360362
356 1503 978612778
501 1996 110317048
1599 1563 17777799
945 1829 513672614
1798 235 229492782
339 714 13515711
906 1121 415096540
1482 43 370994801
997 1625 661111167
1703 1795 916282927
973 331 448800159
157 2119 229064366
1872 1083 927685457
2 1218 763394644
1519 114 741803350
1320 1668 381193072
723 187 353416468
1903 63 343405443
1973 719 607850588
927 683 36596413
1069 1873 32407287
750 1524 606257471
2076 290 938856720
1153 1601 500493615
509 1849 804048094
1623 795 26150617
1233 346 126333135
1675 184 317739277
1315 341 643993591
259 324 137858811
452 1378 898646948
192 747 618965692
238 672 153829616
83 2004 155012031
1939 970 287651835
1311 475 968245698
724 1787 121734796
102 1496 642062251
1365 1381 740883455
578 443 863475987
263 623 411652766
892 1403 682507679
298 1426 797278192
605 766 995466583
1385 4 771278355
373 1655 326636858
843 1030 193835609
1352 1197 395306943
879 2048 596823869
800 595 639048103
1723 1233 215556010
763 1303 292139942
825 1737 259288781
690 1382 819688079
667 1266 47506035
2091 2179 706024577
2106 2023 494903953
1588 2013 332918797
2081 1246 791048018
1228 1295 153301264
1077 1908 935825376
9 1748 928202190
1462 1788 267511963
613 809 587650712
691 1887 492850459
1120 599 78211893
1523 61 611160419
772 1304 450647509
93 1703 61290174
1414 693 314299
1701 1440 894784940
577 660 967520671
84 920 570296691
1608 1721 619292710
1794 990 688154388
1713 732 807863290
1050 328 693385990
1527 1512 797409898
1522 706 555222625
1355 282 825876248
1637 231 18496340
1384 105 89035231
1272 525 262537705
247 822 302674645
1304 395 482007284
293 830 875535904
526 916 921572719
1417 257 386192944
657 1057 595222655
888 277 301825110
992 1588 569374270
1486 686 702548386
1299 876 315328420
466 356 312400918
1513 591 219349294
1667 986 524685269
612 304 540323371
1198 310 180721127
2160 1412 433076683
683 1533 167871432
985 1493 883233082
1060 1848 496419284
70 410 878587599
138 2045 493457029
921 2097 514047446
804 2011 811337756
1200 840 858742182
1209 294 452334709
441 1759 294917199
106 1827 904171663
229 518 897000344
371 1058 73509375
2087 252 453284795
1236 119 737828792
76 1212 773756269
2074 1857 298308003
616 562 574903067
890 327 239221481
955 1598 813742034
1545 1208 111448488
145 1766 19459236
1643 555 267701820
936 425 304879205
535 1487 514575669
1280 621 641043864
2016 1839 401900939
1107 809 545403602
756 1644 578332676
118 401 185421572
1122 484 70839706
1844 424 737928611
211 2000 726517637
988 1320 778634250
1337 42 874469361
19 30 471765147
519 681 777854137
1632 1605 455189786
178 796 444335026
1263 72 915905793
1920 759 420157631
365 232 54579344
1440 744 64940892
1631 640 156832750
885 1466 759660697
195 156 533221083
1386 2003 338228440
72 998 138535160
742 2122 47110019
1369 873 646688819
75 1094 222056031
708 778 916145596
738 736 576354819
1082 1463 654075147
1742 1181 305769067
1834 269 879399268
1035 349 644281909
758 1494 160878433
1045 1559 294391127
1464 1423 965104986
1869 740 797766805
1855 503 664627958
827 2084 966670860
1207 1279 640173698
635 1789 365492672
214 2092 698346024
1556 1153 36444675
841 478 337804300
487 526 423678247
2073 723 299007380
1849 1109 795221822
2024 1876 882116521
2059 2140 406190300
256 66 250615355
2120 2095 348150784
1095 1446 247716639
679 289 167215035
587 813 461856623
51 944 557550368
1141 136 90386220
982 911 660174700
513 768 647365416
1370 1932 457999516
2126 201 100123853
1853 619 670309211
1372 391 49366198
1913 13 842330156
1745 942 41192352
907 1422 32228469
1604 169 540298796
828 402 899044111
1214 1170 833514839
2017 8 516542243
536 655 824175987
29 1175 894503124
247 2006 735296096
1052 923 826694289
264 69 157045604
719 9 408160449
1155 1729 334982082
1686 546 64896870
2138 1801 304199482
1202 442 379238436
521 7 23192730
1435 142 481132130
1874 1675 39846605
1951 554 212273484
426 1639 456306246
998 1557 660898968
479 1062 566996454
1816 1278 59435539
803 940 110378508
829 1201 412442456
961 610 649671140
1373 1541 416757293
792 2054 496049299
2153 168 814123461
1210 1148 53970454
196 836 321176721
759 2173 553746988
224 2068 201945992
651 716 124721355
1409 1747 962005594
1698 1421 579853220
5 2116 749689540
246 614 705675917
411 773 85368372
412 71 214101162
355 382 283180724
359 1974 541813983
1760 724 376404524
425 12 566668602
170 520 699302796
183 447 487093820
1242 1149 484836954
2034 1927 842791216
1958 11 437841515
1575 1735 490224378
427 969 108040768
1058 1652 668091784
361 689 282689114
27 856 298367635
2162 1434 367603359
336 1532 660949231
1765 396 778137701
153 483 838541589
1411 348 494648748
1467 1104 359790429
1511 2017 929514944
46 1642 428824378
1329 1275 567855325
583 1108 73848290
564 725 529734462
100 897 530669089
1154 40 816930749
983 1891 781317846
1410 1971 500809152
1055 670 989743041
1391 1883 517295645
114 1800 638755966
1600 1516 51771331
1810 1393 3931362
1390 1168 356272759
1273 2154 774843932
122 1302 423463031
1000 933 286029065
189 872 983950997
859 1485 932734539
1169 995 878501049
1269 658 670916302
1371 1127 972451543
2141 407 564766919
637 192 695843603
1091 24 445610914
1025 611 58693585
642 1562 656060552
1248 609 618972825
301 1404 91256479
34 1019 320006511
468 978 909316060
1291 2001 776214802
1382 1007 773071405
994 57 967249648
558 765 107668803
1606 734 750920021
384 1050 773899811
2011 2168 774311696
590 1796 860728737
1067 974 997968223
150 1809 501983780
431 1074 759759728
377 1954 274909474
1602 1622 878211344
520 2052 390064573
1825 2099 537233186
1750 1980 552115829
1327 784 312938982
715 1273 978090563
289 1205 634293887
1846 989 100278650
1134 1898 191691860
1791 78 830858116
1183 749 188837248
1890 1152 341434489
711 890 864980181
323 1257 659390074
346 1964 49787861
101 578 816995265
121 1511 411099176
2102 1033 105024829
1282 2030 500188645
1504 1196 159773720
2001 1940 418859924
663 1213 261862138
1826 2141 39884510
2088 867 69728382
185 691 8290858
1713 1866 947080813
567 1572 75798027
1867 1957 184197672
1073 607 904366230
77 340 432324430
1418 495 987009935
1804 1366 851531713
716 987 268157525
1330 2178 330613260
244 1698 140902186
2100 1328 41982834
696 1546 400373569
159 1658 680398890
1381 1921 539428429
2044 620 238617110
204 540 522062103
903 1052 586048353
218 967 936379447
1133 1530 6137390
134 177 314874228
643 2180 279194944
240 1400 385336094
620 348 638359473
1434 1397 671581321
1518 921 982399680
1290 1120 559456498
1572 1276 681577673
1020 2061 825381847
1672 1947 542933164
1297 1899 831206955
1313 378 456076373
929 1853 4575158
11 60 744998371
571 124 279507462
1718 1616 532299984
1186 74 221747807
1436 571 161267274
710 780 899939982
1670 1743 2065416
446 1945 928339272
836 263 99696909
1916 1476 204076487
1884 406 178732370
1817 1995 572759403
1016 1820 410853533
1697 2098 672044313
1638 2070 302981152
1748 2111 858377255
213 1232 437306180
1413 687 156550013
2048 115 54824527
313 722 233774174
1178 14 76519180
1720 1151 27051186
2031 2 312926082
789 1695 787187289
31 198 941817597
1203 1959 975028430
1112 891 885556033
1744 699 968456155
582 1926 293227646
901 2109 758307966
1312 752 922324510
48 482 508746676
13 1938 962562255
808 241 222953585
2171 618 531135479
1040 77 551234272
1612 527 89288127
689 1026 138618960
661 237 300668626
1871 606 402259856
1835 2125 581887844
714 1941 782607820
1236 797 320506726
2079 729 327974910
858 1125 753519647
1422 429 658326286
1475 1720 935026772
1547 214 901825814
867 820 243101143
1395 91 573486410
233 567 406547033
1649 404 104205793
1542 2114 667654089
855 1881 487129924
1531 1878 135297808
1090 1045 989991668
188 1815 267268013
1840 937 256954998
764 1475 235113885
172 1603 397411899
975 1166 268051561
372 135 628555478
1967 1252 517897682
156 417 307932601
496 1749 255738928
2150 1129 108706123
1787 1545 682861714
1800 229 486623549
1180 531 160864351
38 1646 888541734
1762 880 780897435
812 615 104018774
749 451 876327686
2038 259 128922987
385 847 690875019
507 170 812004466
1069 1553 738796653
1157 1934 578576221
2047 1936 563688662
497 1421 996855733
1628 2018 31008402
1764 380 208261567
493 1884 755345279
1801 362 96760648
2186 353 176446475
1908 1537 567099660
652 347 422638324
4 1920 101461017
510 685 636600300
1245 1596 205637034
302 913 600541314
1650 627 591953885
1716 1097 536957707
322 1978 772592730
397 1468 86341303
965 834 676126505
271 23 354731832
1156 1696 3806465
163 450 355638147
1220 18 208381682
324 523 276717346
50 75 99309915
1177 1838 321117923
141 674 417906652
1084 2166 907232847
849 1882 22060838
559 669 778790011
1995 1656 559577179
873 1999 998819442
1557 1645 166619671
802 1086 63005917
766 1130 411190135
1024 1154 724994436
1213 1276 352140237
199 2169 971033199
611 1752 120870787
1976 1955 137493865
2101 1913 2330030
280 95 678125801
1048 1550 893727936
734 1260 62872980
1208 1214 984249357
1215 1490 372926357
1197 1495 440408593
658 1683 745043407
962 2130 639323874
140 1922 261797885
424 988 662331669
960 306 227074047
338 1064 405634544
2008 38 59075310
1862 1240 741144914
317 1301 723966959
896 819 943599269
1596 153 704707298
1289 853 854511945
454 1527 57150118
1076 436 952390116
209 2039 341040170
2000 936 381236353
948 1617 769251954
1074 642 615780262
444 2005 162947790
1032 1158 883712375
1126 636 797926083
1456 274 390767482
1423 541 160094779
1589 150 192392917
942 2107 92331932
2072 1595 984396697
207 158 401872653
765 1437 342183732
325 1299 533097725
780 140 16818046
1300 1949 367786545
89 838 792898744
2022 1406 75777504
74 272 566474398
1695 449 369712192
243 547 33592027
1808 118 439097713
2167 1258 69769068
436 2007 638674942
809 852 869718284
627 799 477857783
62 1521 349534870
1495 371 605503804
2109 1172 736277561
1039 1719 121296830
497 1482 411022146
722 661 902890230
968 1395 663449222
838 1977 514992272
2106 1863 242503114
1479 1555 64977009
995 1723 981430866
2055 473 376246673
312 2162 751944772
700 1013 730830595
1828 1432 108263480
2164 301 274655628
752 1202 653671906
2134 704 204374404
1307 28 47628913
1278 649 113776772
60 1066 608526738
1227 1916 232165356
1449 1010 694953684
375 1060 391775697
1132 212 136974571
303 1792 287159461
1111 1346 968583596
1966 361 526867459
427 965 398328024
949 316 798612240
874 1037 8110648
131 288 991573926
1415 1056 480601626
633 1222 660351291
1019 399 4487806
2014 504 643907131
1348 1083 384887956
2159 833 824696929
1338 1227 203160769
1574 1660 982750362
26 1362 253819471
1394 958 454210166
1059 774 594547443
282 1582 382668787
1915 1630 724708349
897 464 488885326
794 1188 980940471
779 1832 163188756
416 1893 62869945
1341 390 213322312
650 1345 826349400
870 366 893190875
1901 1082 720014838
20 84 405876776
394 1193 368831049
863 1988 267920834
1774 1578 173769867
173 1540 584827645
2077 213 772616543
1361 2103 766665915
461 305 35854979
653 617 363931790
1732 375 392380753
1102 785 409437914
1465 662 75402108
1144 1975 446129283
1805 389 356492219
851 1268 375791146
1689 439 11021931
1982 2145 773751939
1772 1956 505273119
492 1701 352232422
685 1339 493466709
476 415 831136979
25 291 478865849
1924 1902 648002198
1187 2010 305024166
56 2019 267106978
205 1174 264859763
1865 486 931485557
1959 1506 172344386
167 2108 998567263
1199 1420 823785158
2137 536 220615364
18 315 188614089
695 145 802760028
1751 1309 793986345
2060 452 535576054
221 1194 237722163
469 1034 385408565
2128 2124 809838959
1768 1817 528931590
787 1597 117032138
139 154 806147640
531 1297 615055262
475 3 910995570
230 1057 779203761
1785 822 929879247
1820 739 700101997
1001 2058 700156433
1089 918 371446266
1078 1535 18190586
1351 558 932563798
235 147 391862535
1412 1348 663354234
241 602 412515297
1673 1323 571428485
1497 1593 655043913
2112 1357 728010346
917 1734 205061157
1978 726 940349853
601 730 132643112
1253 1135 854629580
1292 1808 812451327
1404 434 334286959
1814 1659 422968291
2152 1799 826658993
2042 283 628875497
2181 608 606410310
964 652 197553848
216 616 400995740
1878 1952 519493030
1 1321 447368399
628 1950 853812910
1374 2065 44227587
438 1123 23317933
398 1133 563171160
1594 1264 811500201
12 41 131946877
1786 1983 275251668
1740 467 595578390
401 1350 743947739
17 572 862407096
1736 994 949385810
1524 173 11723043
285 1678 118609908
1766 539 188123909
2085 1134 672951914
428 1543 647780188
349 2023 376965930
257 1171 527367805
73 1073 240841460
1615 1340 195847598
1342 1453 87809623
1257 1777 79446816
2097 1763 718814310
740 1333 446374443
1694 16 610710172
396 1784 912131610
1321 638 903565892
351 900 879896143
1363 1855 920647208
1026 629 768560648
376 912 560427455
2003 1224 402907354
1023 2049 527732167
944 482 204878818
2056 1067 183707067
815 1514 889776611
943 849 899578538
124 1892 640334210
646 2042 808582620
1165 17 385534815
68 1966 664609870
347 634 377607504
1963 1291 449199861
1499 1068 738035573
1767 398 829171268
1737 930 985349370
717 1089 972667376
24 1976 780635734
1533 881 7509590
177 676 921196028
1613 2055 32742988
1175 398 200125965
42 1847 255513036
1260 1165 360387679
2119 32 504943723
2129 1538 270977537
1224 1092 505767624
1903 1374 317833915
2092 303 140363256
875 77 812819905
1205 1517 997145359
729 338 174306726
1443 1706 338251727
801 1728 545261735
1945 549 348635814
560 586 560557203
957 947 446774664
556 737 177463713
656 1095 661190886
775 431 618750261
478 496 947903271
1241 1243 92046079
928 1267 720076410
1935 2091 980563270
930 1930 402470900
460 745 958837160
1163 86 271997847
1910 1225 164929268
769 1828 117071595
39 713 365495142
500 832 243531283
1512 700 187211239
1948 1774 226516137
30 1000 434052867
395 1043 71267169
1416 1136 559083808
107 1880 929874236
970 255 133791511
1885 1349 660873006
1221 175 280558056
2130 761 586679757
645 901 738383780
1971 2077 997663524
728 1347 629514771
1366 1942 484639098
1006 1984 664178317
621 973 137773353
1193 1325 251739332
1474 89 775374690
486 829 748347778
793 959 852736638
2187 590 687096381
922 593 753578369
822 1455 147007276
456 360 469868190
1639 1373 562388347
261 1714 148526769
826 528 260247081
329 1216 207023245
1684 1979 977804947
1028 1316 757667658
2086 1313 650363829
2007 543 6188929
1687 134 393277937
1400 1372 688046111
1097 1462 635367573
1894 1098 759872937
1635 203 484367696
1393 964 888076237
1683 1226 790165052
1264 1483 93693638
1485 1065 130154281
641 228 551989353
1350 324 954145544
1741 906 193385165
706 1686 379111996
2039 1664 414107308
314 1608 355639664
1593 1627 558662869
1066 1690 295507347
1732 1472 741072430
2045 2176 974720277
186 742 225690464
891 420 263134022
2111 1461 744040065
1690 266 340686046
881 1985 509310492
1860 1629 915233700
208 2026 905560971
1969 1219 344256561
33 1231 635552993
1164 1439 445267618
1261 68 75350559
453 1693 242644841
1936 218 197057290
0 1697 64106746
1525 494 121033065
1271 83 383054441
392 1131 405658418
1571 1676 519185298
1002 1518 107920948
1386 1885 459218454
857 1039 426874290
1812 423 126670766
249 1048 223728528
1904 313 527679070
1781 1865 457657939
886 1114 740845237
217 211 639038440
2166 831 620104904
823 1626 102850036
1041 1184 775937893
615 343 831580346
118 2104 161037527
871 344 129474520
2135 2033 764034787
144 1465 157373668
1027 1433 106522926
1651 325 316929645
1882 596 492297329
35 1100 771948299
1747 1035 505176006
894 2075 213142058
366 1126 562940100
2136 412 700365899
2018 245 690801714
574 460 713520283
980 1185 289399352
239 1128 478638880
1130 181 914332624
855 273 107942982
1454 1436 835159442
2015 1602 718001528
1118 1294 344662954
2146 1528 56996318
893 1746 367198997
1558 1870 820735778
1536 1973 242300165
1917 308 929317583
920 1241 979903921
1425 1179 261282888
1873 1012 277852745
1713 1075 379419890
473 1798 714312040
698 1531 824140344
418 1569 251242076
1003 253 941103356
1813 2009 377812194
810 339 598080616
108 1989 613055739
530 1751 632283121
876 2028 949089070
703 2025 309239199
517 1914 487135687
781 26 534308052
1590 1739 649279178
2054 1484 327788352
1493 1736 924790601
2084 533 513243959
152 1022 418938974
1572 32 66921850
268 113 652827164
1752 457 699503467
542 1143 710867855
608 1858 720265737
1466 1680 466426461
1017 1411 715085329
45 1861 391436360
842 675 459152204
806 1824 687754211
2121 345 860850676
1451 584 119549951
266 996 139071734
245 1234 704496229
721 1663 695818378
862 1308 274373325
1303 1254 909935529
1564 2121 740562343
1685 980 773402118
439 397 863282226
934 1566 976607410
1061 1371 538098780
1778 281 808528680
1103 34 902835892
1842 1776 623014988
1661 530 167652366
1567 651 860484264
512 1700 140443089
1918 1444 857725577
814 945 780076465
1636 1505 355250950
1201 411 497154795
447 956 502758035
389 1688 865735789
2061 512 737340501
1428 1657 430769028
258 2002 460051474
1539 2149 779486630
2124 1592 246541203
2049 73 679929370
1889 1290 319085063
2154 928 830726407
1691 2144 196344968
112 1284 904501096
659 589 444085527
987 479 374326126
1902 53 987782677
2032 957 529550736
2163 357 967641508
1014 2008 693907836
2171 1824 510903538
640 857 72465593
1692 804 899880866
1189 1611 810615048
215 79 637232881
1529 812 697611070
265 769 257761316
1279 1488 539616853
1509 204 334204847
1566 2171 74600357
1775 1499 450059965
1627 182 601552455
278 1779 44237526
585 379 498929511
467 2020 796127851
1680 926 759954667
1472 1583 960534732
1405 37 164461298
738 1672 920400484
624 2139 173185554
1152 2167 174886223
1142 950 917483494
1658 626 294792525
570 445 130401762
1702 278 943634606
1253 800 567477953
169 1782 737343168
1192 1215 13302307
576 275 644363988
119 1031 753781077
1863 455 366545430
406 810 930049515
3 803 953028067
1114 568 210772617
154 393 406764013
477 206 894583217
1064 1765 158969049
909 191 2387921
1249 505 746048640
2008 1961 202461821
2063 354 411724566
1934 472 317486096
713 899 490733181
2117 743 82883043
1725 1454 140027486
984 802 296662784
1647 1652 225162321
1900 585 556259060
1438 1802 582227493
2064 1458 365769736
2127 1692 732785435
414 581 403496106
2096 21 305988726
1455 1190 80525510
1912 960 217894096
819 1783 771175717
231 2133 403408775
341 1024 334365226
1389 385 990463554
2051 2074 821554537
300 1962 87546147
933 630 233234202
184 898 20643758
2133 1467 154559453
1749 1500 513005521
1147 1594 616642993
422 1044 418311355
1375 861 572800393
1930 320 109809506
1296 2038 679447537
1792 908 740738152
2149 1780 49519078
941 1450 869574793
1850 1781 454523325
2012 334 560821176
1420 501 148013722
1851 843 392016725
1101 544 241504897
116 828 550486836
1528 369 868656550
1905 2020 943510210
1539 1208 178365139
979 82 362106305
1962 919 687496875
1807 718 907735192
550 375 223529748
1108 886 744712691
1705 148 916886092
1609 1449 999878207
1057 535 674517047
967 1096 762791206
1796 489 702969594
149 1430 471867929
1981 2181 8808162
8 993 433706657
1880 1745 512334228
489 929 818401064
380 1886 13125003
2037 1903 403753521
2026 1359 885996648
1099 421 188851525
1154 1056 236066159
1106 1860 742601561
1246 90 738338525
96 2127 131216059
868 1523 380566699
1597 437 392614153
654 314 151310558
1087 1238 589383543
61 1573 416858624
404 430 252837004
866 551 354696812
1568 991 249108811
972 854 936433558
551 2040 225877397
617 1669 854853964
522 1335 530851498
701 1567 991886422
996 1871 698774116
1591 270 773208428
393 2066 279253733
455 372 873978787
785 2123 771911373
402 2021 121131021
1541 971 811665057
2104 622 784543694
135 2079 309231464
1605 1635 79360265
1879 1025 114761574
413 997 357712028
1226 1419 617542438
1549 1021 369764972
148 335 153023428
503 763 306134364
725 5 952435082
1642 1176 418398300
795 1002 881748004
222 1923 181253840
554 2022 92879458
1012 1864 87668670
1359 462 946383503
164 1738 128731637
1348 1793 818621665
502 587 132128034
1196 1107 87717138
900 729 204985384
1316 1162 792873867
1266 2032 494117049
1096 2096 688265341
668 688 204676151
976 1054 539833537
504 814 147068724
1553 497 693449122
835 284 510309710
1700 427 465837834
1402 1195 162348792
1047 1414 653462923
668 1758 334450953
252 78 416582551
1919 1794 942785234
1396 777 727141283
664 1844 161651359
1839 696 788483311
41 502 498490613
1899 2134 157026740
932 871 380442004
1625 311 105225866
49 155 733436356
1093 1939 803333092
1172 1825 175740874
840 2063 539747844
974 1402 885857187
525 126 258710661
561 806 70564655
887 1386 883453354
1379 456 844264406
417 557 751558565
1653 1071 570641585
52 106 341774531
1710 949 600410418
1668 1951 795389279
1577 984 815239805
326 1699 955148033
36 119 189906401
187 1098 68368705
1929 2182 64311005
1167 1055 620544919
1267 598 939808775
419 563 778744808
532 1919 480262294
2089 565 617364471
368 1654 534211637
115 1811 722764257
727 268 275649900
956 2183 111824040
210 2102 133437419
1138 208 852115167
1031 1116 861017858
1501 55 292153963
28 534 389907873
59 954 487480052
65 560 463081059
533 1317 993129288
1403 1183 241074263
437 2165 581048183
201 511 29993430
1639 2075 111236740
381 85 92212649
220 1845 392843523
2052 2088 183738054
924 500 153256892
273 963 705191219
1955 1363 161010874
1259 1051 487841006
902 1133 156301662
1229 537 109515762
335 1777 324959861
1994 461 798597650
1717 882 385962633
1343 2062 467208286
1274 2160 270404284
1712 2053 740119012
1206 927 189547748
675 466 271678288
1408 465 784363422
1123 2085 316387232
2019 668 972691847
699 701 532625528
709 577 281428914
1364 1432 57479731
311 80 767106070
1450 463 191513768
10 1879 109903733
2177 1247 26707597
1353 1146 258747911
1983 2104 432644875
880 116 995197952
305 133 374843594
2078 366 775154539
1854 570 167191825
1054 2158 921695390
1310 1830 214261986
2175 2143 725366105
1803 1670 801276805
2170 171 679786980
171 474 766502388
1295 2105 204838621
1470 875 247598863
1836 2089 798861142
2183 720 949458174
1401 87 689489392
105 258 837731942
80 476 788513471
1753 2110 766187026
2185 1117 283255492
877 665 132742190
1237 1618 371059764
2179 2106 433794893
1243 1623 647937550
212 1319 138995965
902 149 399313827
132 1389 25468675
990 1732 608880203
1419 2080 242904458
1127 574 493007621
502 92 284279962
1985 1286 996541245
1726 1570 173528861
1856 1755 452240882
390 879 108099699
2103 2086 699009066
1171 52 793374157
352 193 731290446
673 1640 244421806
1563 1027 968484701
978 1786 967149320
488 260 692029635
1317 705 682498999
735 1915 786230628
1252 1451 383252310
720 141 303775739
678 1387 318870760
1977 413 460846548
1503 491 931889453
895 1591 447855803
272 874 366570349
1151 509 263607779
1611 10 551562097
1459 846 768741863
1926 1138 247876385
219 1661 667003593
331 1967 733097416
1256 76 326811892
1046 1204 647090845
831 1933 681674460
348 104 823786512
95 386 818271053
2114 864 651244816
791 2083 801700607
923 1470 652757599
279 166 712515342
54 858 286474159
1496 650 648535798
226 1958 904475993
1135 637 215464614
71 514 78251944
1907 174 561440629
1722 1613 889762417
1576 299 753032112
14 2100 861584835
1731 782 735139744
1859 2142 887626962
342 2177 57198174
252 2101 55773389
1254 2157 51029707
1309 2120 44247167
1676 1960 869330898
1517 432 719012958
2145 579 37699297
423 103 643930167
553 717 291572053
1537 1812 446492685
966 2051 965973927
457 1536 193536000
1573 1085 278976549
202 1269 539678073
761 550 861551001
1848 624 819429101
1540 979 83089239
1100 1897 367984288
1614 2081 670634678
1847 1005 124364607
798 1867 248183308
1302 250 76796676
938 1628 450794103
1457 199 336141665
1287 1315 332651853
767 199 81812145
1679 2156 161999369
748 588 764359126
434 2184 559218149
374 419 913817215
625 251 187193841
1305 768 763188134
1013 322 802293469
1797 374 737105016
2132 1435 520165622
1468 1895 135377462
832 107 689507546
839 529 440538724
1821 888 222793588
1139 517 598721450
634 1049 150219090
37 1764 868885898
1629 1821 126384722
915 110 179834642
403 1474 109136208
367 733 419900819
991 1391 12197073
2021 762 268832907
1992 1722 263457708
1430 1103 630388582
1212 603 384189902
2026 1050 336057665
762 1943 968544192
2139 1115 94974203
128 205 508513346
1326 202 352027443
771 1360 984572222
730 1549 287773361
743 44 249170836
852 58 391962519
1473 707 437503542
1364 1674 976609324
598 454 493335057
1231 1384 567424971
1136 22 276200975
692 45 619263973
16 1135 144974996
1570 2137 397842376
1619 946 367523360
733 100 633832427
1380 1144 980442407
1015 234 55623417
1331 1819 269522009
1323 1689 31524325
1149 1020 355585650
88 164 818082320
415 122 538207234
778 1160 260171430
2144 1369 474561269
630 900 773956139
1036 286 280093824
354 1229 438680144
830 219 863634001
875 1681 982997970
959 1169 76117894
595 576 659537061
143 1289 183642759
1407 221 361476000
523 569 3668770
1143 972 583393514
1117 279 292708449
2156 1841 947698126
2020 108 591784051
847 1307 200882528
340 904 910029029
1009 2132 546526285
767 1888 38375382
573 293 917210571
751 1851 981245634
1150 130 425784970
1125 966 24491577
1170 238 384373168
1819 1211 146876188
2062 1416 319797895
1387 1790 779770799
907 400 141922111
237 209 664536536
430 1141 154562739
1458 538 904110858
465 1775 951027828
726 409 106257910
540 481 994821348
1811 1441 581302362
1699 1479 179029926
1755 1965 704972961
1666 2060 553704770
1488 138 712774206
508 532 892186664
1793 837 73414157
1181 31 174765359
1656 359 728122008
363 194 28676815
1937 877 574731196
91 1636 736878431
1626 779 62711901
638 1868 942448254
1427 1600 589949789
684 1330 708293317
126 1182 98963773
99 1718 265211821
2057 1383 730571503
97 367 57555421
1376 1742 492490524
1397 671 622391232
1399 1502 646449491
1714 1637 251514495
187 1529 817977812
1179 2135 964820086
1779 1312 178393645
66 772 922849172
1448 951 691208016
783 1554 447663080
736 2016 395655731
1340 1762 988710044
579 392 664818070
981 477 596228672
1896 709 331066710
632 1332 452674031
321 948 140471336
1129 1667 537878321
360 297 406485683
518 1620 259893073
1510 1377 534588495
463 1993 905342129
1105 909 626837196
745 1448 224310884
1521 1969 920383505
629 144 64056893
580 2126 385135249
1021 6 123797670
2143 1513 782461055
1582 1929 566145245
1211 352 826122422
1230 750 507319444
421 684 804899147
1148 1422 865708014
1358 941 173117340
1727 1161 992892658
1463 1918 883791361
378 564 320401683
1490 2072 576477875
458 1047 803092107
1950 666 526149516
1140 1733 735747388
1145 613 412202932
67 635 598687417
227 1898 969362427
693 639 748278091
1432 1283 532736901
1471 1705 981340644
1410 398 762341719
914 1621 245436803
597 1753 884864479
2082 1679 545790004
900 1053 631626123
1943 162 717746820
2067 1200 687638662
786 1370 650996672
248 1028 121396637
2090 298 266834380
123 1008 401065567
1029 35 777488182
81 1577 794094583
971 1263 549354479
1086 976 898991361
1491 1948 314363738
291 1833 920484407
1941 1813 33402761
1356 1497 178955913
918 1004 786213897
1708 1069 155358911
1098 1854 696562796
1759 783 970270250
104 1296 332066851
182 1650 440141125
1795 2112 422927155
1669 19 883478784
1782 556 991502846
1719 1343 24386462
908 1443 993105738
90 1953 14312756
103 1814 665241771
181 2043 918196492
746 13 294309862
1954 342 446094736
391 459 915171533
609 1769 167406149
1991 1078 187436690
1346 2082 777599375
1953 1526 205681696
1796 363 528988350
1362 1020 445214308
620 1164 832532041
581 985 664715701
1857 2115 663082489
889 1101 490562340
114 1961 489439841
1433 321 253258923
471 835 128391064
1308 804 91372716
2004 1708 415905020
161 915 248818623
807 47 211695094
2184 1167 820358357
94 1937 470025176
1824 1797 431864068
1657 1137 342548718
1595 2164 277203611
337 1818 931604382
1622 1245 190448486
1671 1873 571503620
911 659 893179441
370 1671 385719364
1757 961 655841930
1776 690 100961074
660 109 572545928
818 1634 789457389
1109 1778 860593901
591 1255 101113340
1439 542 724170522
817 1641 480594225
506 869 849442643
435 790 828989518
1933 1046 129729072
1580 143 679276706
160 1355 468655548
286 575 748194726
1119 128 107702571
1232 1147 606981697
1159 1509 635685682
853 1394 767058113
686 738 275695033
1641 1648 713546050
1325 358 613216871
1137 1250 268201614
1678 1816 80258502
1746 117 804777241
120 1691 946487777
1607 444 595939966
1893 1859 589006509
963 224 843723339
1235 292 512791698
1585 493 755105155
1070 821 240673298
1080 815 268895512
1446 1438 494652233
739 160 220090570
1921 70 291296660
2075 519 752400812
1906 2113 43120930
544 94 744613338
1301 1542 5946494
251 319 430893347
2058 1351 380111616
1022 172 445528649
1852 600 215344825
405 1140 720936823
1682 498 120013431
805 1249 673353365
383 1586 902548770
1990 878 48869884
284 1481 907482626
545 485 568574375
516 1836 326632337
197 1310 82611672
1131 1029 453371017
1891 81 23072282
1085 243 880141303
1033 1221 41597513
592 755 455627694
2180 1326 894645087
1544 1589 44910645
382 1220 713237790
856 516 732087534
2068 924 468236799
206 601 117609608
1822 373 173460850
310 1452 248361224
437 1651 197555383
1555 62 485138120
568 1890 479277042
2027 1491 921562951
1780 848 514600898
618 604 803444832
1648 545 334846816
110 839 73180203
575 855 916539411
357 566 841109959
834 1647 887679217
1442 1353 194699416
343 364 948015699
481 645 233377412
1548 817 118407897
1367 1415 132738308
1754 88 622649837
203 1139 610546351
1952 469 76028039
1997 508 733230527
2071 1685 64259295
1288 1584 873955146
566 1624 705416333
1789 1682 920539449
440 2073 533712241
2053 180 361462091
1838 788 516463368
236 859 481253474
1204 2119 363953313
2173 1614 388403313
40 1132 351346091
1173 1906 390216208
1624 903 295963637
1911 1821 554168826
1961 934 513904630
136 2163 203371644
130 1230 104483593
327 1075 808653254
174 137 293340565
1949 49 757062235
1424 1093 105764942
676 953 588490029
1979 1015 401023505
111 760 281096360
494 446 949436739
2023 1478 707240415
1769 1354 966706104
555 663 351762994
1790 67 616115059
1222 1547 454380179
940 781 128157358
1988 131 968631707
1286 1367 541854237
681 337 199801508
1843 1090 365173821
1569 190 132023792
483 2031 261833132
432 1365 385948857
1535 1342 491782717
63 381 439019463
1191 824 30992548
1008 1157 572750814
1174 1364 657852144
735 1424 96830602
410 370 4450522
1505 1632 273491834
1665 1565 823966304
1378 1909 29243955
1514 1311 573525441
485 98 683752780
442 165 999519104
175 1018 493404978
1833 92 338257249
451 702 398923777
1831 1599 327134404
952 1248 121639743
1306 65 570968919
1265 580 49343921
649 33 306935160
1460 1006 196992828
1897 1207 536010910
2095 1525 362682080
572 112 878566466
1646 20 355543269
1940 2153 614469306
2025 1409 356206029
230 1731 641881262
584 2069 242147546
614 1568 595309181
1113 594 750435792
330 1507 62981018
882 520 862606299
358 715 876223062
44 2046 143615055
953 1298 277211542
631 1177 562470728
1437 93 181045499
1898 2057 326125654
1276 1112 11917343
697 1293 493831814
1038 1768 389940013
1610 267 321472743
1349 925 957682537
2050 216 555247629
1696 1994 355778615
2043 1223 818607331
1546 791 690889999
1011 416 271944182
1072 1750 847137474
1980 2118 544620345
630 1189 204140739
1704 1842 74583342
1728 692 395843739
2123 302 376648036
1398 405 482447863
179 1477 658530000
1788 1552 216779194
926 152 317053239
462 679 366953027
450 264 343800467
2029 2148 221520334
1858 2056 508129354
776 656 332887923
1621 433 427372988
557 1270 647537931
69 1379 321962070
1942 1717 762957950
1285 787 142641657
2168 441 197496213
345 521 731056482
1088 1431 951214047
408 333 738711553
1709 952 379249211
1640 1869 839239908
1809 1539 591428629
1974 363 994228354
1565 1575 694216037
53 641 968639185
1010 101 393017726
1693 667 303518625
1062 394 490484859
919 1741 467820506
155 1604 485497144
1560 332 8343654
193 220 147656697
737 811 350952295
538 1277 748158236
2157 222 156998466
2093 487 932269801
916 1337 443695798
379 1344 324860149
1175 435 339501885
472 29 352023829
682 561 654213210
1944 1038 194489798
878 646 571173676
332 1087 671918090
409 1901 320323375
1507 1609 89770853
2155 287 27905815
2178 2087 834867125
2036 403 184861835
198 524 45546410
334 1358 359373210
820 2136 583194591
1166 139 128596624
754 771 817652779
1674 1265 475020039
2158 1486 667445250
969 776 195256166
191 46 758760043
287 1987 329867176
449 1375 890677941
470 1306 597022651
672 1761 745658949
1883 902 622253029
474 816 303598710
459 862 279935089
1094 2071 924471360
619 418 331813111
925 1398 764917764
1829 1504 462330593
87 894 37070270
782 1551 624748332
600 1896 276721923
137 440 543702035
2033 132 959328093
1968 1771 202810376
1350 1256 314294441
1932 2015 701827709
1578 741 45625992
2140 1237 545113796
1115 1459 263245480
732 1203 193404508
1483 157 243139807
1238 794 74603850
607 411 311646077
905 1088 486116397
939 764 99658501
2053 1363 128404319
2005 1558 224653922
746 896 906076443
1049 868 230963769
527 248 831419412
429 664 513332114
1277 1803 767523612
623 865 189435260
1923 842 501719768
606 1388 883135369
986 1091 46146574
1255 1072 484729010
1480 883 372563979
388 1704 522229741
2131 1576 973611491
2080 697 699068154
1068 2035 12741408
1960 189 568757924
854 1713 965724630
1735 163 72566576
296 1217 283028278
864 548 185550553
670 506 902077117
2078 240 63838735
1146 1173 846972074
1121 195 554629107
1616 1079 93063868
267 1322 410060402
1347 1725 282016540
292 1314 483316934
872 1843 821928594
511 368 864169849
1160 932 830881580
1421 1239 27182257
665 1715 63479897
43 653 545319008
255 748 51940136
1875 1990 118291537
1318 247 271646124
1053 1702 651932869
1158 1643 238265045
1532 1061 906284701
1530 1831 750009737
784 507 440197132
269 188 21390540
1997 1953 717488072
1654 1862 511352942
950 992 161980817
988 583 63619774
1630 1810 235813367
777 2174 507004548
773 453 195129473
1928 1970 127063105
1598 468 979052670
541 1492 671953136
1927 317 690136888
935 712 925920793
797 695 476659371
833 885 459051456
480 870 681315709
1730 1772 794901413
315 1341 653067153
1377 1754 18271415
1426 2044 963756692
2122 1579 322918448
309 1003 879069190
1911 1105 698525409
1758 448 182355500
547 1305 671043052
288 1712 879556543
1534 230 179393346
884 735 82048413
2113 1287 943312069
1328 1684 992410650
1777 1606 248658936
1225 1118 704325364
1195 1408 71531367
1827 2094 690944660
1030 161 393622764
1617 1850 582518818
1783 1191 549282813
399 860 376425480
1336 377 960713084
51 110 923626422
1124 1877 289595404
669 376 971902432
1176 962 51318717
125 522 815543866
1469 336 272951278
1864 680 601826769
2013 1327 38250452
666 1900 130778891
127 428 584272836
912 1405 88432493
1647 1856 611937371
1870 1992 789893720
250 1501 453729680
1633 1380 539045390
1581 1376 456184955
1406 2161 567363820
1543 200 946462343
1194 1707 967674009
565 197 169399034
1895 801 1985737
1162 612 907065756
1431 1187 124856323
1837 1649 841927968
495 825 763592779
2006 887 766544591
1938 1716 120560142
513 25 672790469
