4 43 2 1 0
0 0 275525351
1 1 89026455
3 3 -364767666
0 0 604896852
0 0 967925719
2 1 979389768
1 1 720158538
1 0 741997525
1 1 998504593
2 1 245137538
1 2 670885010
2 2 183577974
1 1 679575760
1 2 726716020
1 1 855243515
2 2 824438486
1 1 366211799
3 3 299512056
3 3 110394640
1 3 821971541
1 2 386309435
0 3 184578123
2 1 925804454
1 2 823324992
2 1 908592527
1 2 483961399
1 1 527619628
1 2 886887275
2 1 233758700
1 2 327581621
0 0 619211426
1 2 45043419
2 1 191074588
2 0 -561561306
1 1 910490533
0 1 567750482
1 2 741780936
2 2 286441357
2 2 667169466
2 1 21240118
1 2 284723481
3 2 371797541
2 2 716246736
