100
358660
126260170
509103856
209943144
903288936
538706439
210291465
711461870
540056745
967398822
255135663
655307462
833385480
59303779
613919241
859383872
552967377
537219054
759534662
944638706
233552920
198795762
45157668
187779070
868957480
840761987
392449835
232375934
32665072
26920055
293591298
63804661
381202330
209613409
218129095
122170444
491894157
737225560
243798879
43315662
372797122
176658109
467411219
651787468
669539448
601136627
405110709
528361720
318044158
340565092
486362897
61726288
64002364
559061786
5100837
292419306
945326938
777449828
371100440
507661779
847985523
62742830
795952354
856421662
415835407
13729114
826027730
775041723
507821937
936515406
715560219
405834178
325865745
156189414
30918441
152122324
563342818
834260584
625273859
221128366
316063960
228737715
592733933
236835026
736380035
347799752
410769188
211368946
198966672
918011909
875970035
397124040
831117809
672842746
15172347
71895888
488345000
280870890
691110241
60099812
40 90
78 19
94 49
28 90
33 12
98 38
70 10
20 4
72 52
70 38
4 77
48 99
92 82
18 87
95 53
59 2
53 21
90 17
88 55
27 60
94 46
25 24
96 64
40 48
33 40
44 13
75 40
2 14
38 91
78 94
71 42
85 71
97 27
45 42
18 15
67 58
84 88
19 74
67 92
3 32
56 57
20 35
5 64
15 3
61 92
37 95
6 83
7 67
12 63
75 47
13 90
89 3
54 20
69 23
83 88
78 8
24 53
75 55
92 78
9 62
41 16
72 93
4 92
32 57
76 64
81 1
52 45
59 28
100 94
29 22
30 8
1 11
100 73
26 65
38 75
40 39
72 53
19 16
80 54
50 7
36 69
76 23
3 68
62 68
34 48
68 97
4 1
80 31
84 92
20 23
53 67
29 99
51 96
65 51
3 92
43 28
1 79
86 4
66 45
