100
719398507
918155970
518651771
740699634
964834011
465568403
191662327
432431001
296815184
372708504
479500555
471217686
938965650
737418000
435652910
670897975
582707050
412869564
199936835
7235739
211456834
252735178
960735804
1716806
261074567
720137590
17396790
356187011
213860213
405265461
857345284
966742581
627832195
787084046
140557500
211634155
962924511
479339464
195824165
150288348
345477004
20616988
118959140
389444456
831837027
623418960
749991304
472300160
464861763
7212713
305708095
365558590
686104791
191456308
669454537
180203475
162220211
462269955
852949483
39498060
990405905
907610639
431555127
92112683
68244482
450945524
846998242
848327948
678464796
284423561
766878857
538042235
314011692
628448516
48490590
127307809
904233585
147417408
637790651
797281364
991906426
967815381
206847573
681160562
565902799
405313935
822406504
931289875
801589311
413494026
418991879
331269943
466920598
989677180
346583048
902870587
694856005
206264760
880808661
407566382
97 65
33 15
97 68
72 10
28 34
68 100
76 77
74 30
4 80
39 87
16 21
77 30
20 14
39 73
59 62
27 91
40 83
69 67
90 45
33 97
75 47
67 5
4 97
96 51
64 14
44 39
54 79
78 57
62 68
55 77
49 86
4 67
38 24
32 58
57 22
16 88
5 81
49 7
52 34
2 58
100 63
63 99
61 31
66 52
32 36
79 26
29 10
61 47
14 93
10 18
61 37
8 41
79 63
42 89
86 70
35 62
77 11
95 55
42 84
75 46
18 75
60 13
57 48
21 65
63 17
46 38
23 9
77 43
38 7
17 40
42 3
67 6
39 23
1 77
85 30
49 45
8 86
23 53
30 100
29 71
49 12
63 66
25 47
51 4
25 82
7 57
79 86
52 60
32 48
65 27
42 94
23 56
23 79
92 5
50 1
98 72
19 15
42 79
63 14
