100
506062492
746374439
974246969
515659651
196657927
82908303
759306070
177797739
251686692
634893778
82464311
686837388
108039082
808839985
824912555
400037768
773652760
920588531
642206558
257039549
150769609
782092915
503585477
598682296
910065493
706342778
514103580
919835899
282540229
68156998
275668029
55842763
164173241
745878071
29140573
745867360
275368303
601945405
119924560
417131646
58184578
741587658
839411657
331732943
612007506
463415775
709748619
574346508
580939164
663000460
830244802
10228032
658840054
541212328
66988561
592504125
244394133
184012295
551771086
657472368
874667331
795454568
787897407
720247230
379938077
588969341
152641774
507879419
537504246
616928929
599691760
127429291
418396423
815253385
388713201
272284413
303101538
276353967
833353498
297307815
755475766
656602853
115227545
432324590
737105385
497723726
435945735
767994076
644933526
140230815
84767859
265978857
204766038
377362473
397476830
345065853
101217553
52020120
899711468
337802651
60 6
18 6
6 22
83 6
6 87
86 6
37 6
6 51
6 62
4 6
19 6
65 6
38 6
80 6
21 6
6 25
6 67
15 6
6 46
6 64
13 6
6 56
6 75
76 6
9 6
2 6
6 95
6 72
6 70
6 73
14 6
6 61
32 6
7 6
6 97
91 6
10 6
94 6
36 6
6 30
6 68
90 6
6 42
53 6
12 6
6 79
85 6
59 6
17 6
6 45
33 6
88 6
6 71
57 6
84 6
6 27
6 23
82 6
6 26
31 6
6 35
6 47
58 6
6 55
6 49
54 6
6 50
48 6
1 6
6 8
6 5
29 6
78 6
39 6
6 34
6 20
99 6
40 6
96 6
6 69
6 3
6 92
6 63
16 6
6 93
100 6
52 6
89 6
11 6
81 6
6 44
6 66
6 28
6 41
6 74
98 6
77 6
6 43
24 6
