100
74757976
196065887
869496515
433481055
961984701
804638004
729795345
388691677
57070555
544968804
426482195
384685946
491816325
164442153
82572840
410367947
617385701
61259372
754889959
636422331
610109631
64783386
356612359
292920032
791864708
396241666
54186665
647633079
142645422
904883688
290040279
564751225
434390885
306434435
364781425
851175121
187631109
893541818
231006657
121578063
472054592
719308409
126278640
929187290
468982731
567880682
442994630
477805910
733407023
897665396
393259633
767284132
890207550
755407677
859212754
424116320
643815487
184080351
557968066
379687542
64068224
213049077
507025439
857708535
373153470
222747179
981046942
577196772
84738688
912456939
311179932
242703678
624022235
599099670
656988396
713349159
616103942
949134549
806606578
115761539
320752934
839692018
934913114
564975530
476139068
937918584
304296848
980616621
769009781
366449437
458505303
171982318
262201755
406518187
285088793
784711508
598331841
387420116
153551543
670521843
94 38
46 54
83 52
62 70
47 93
40 70
90 16
28 70
70 88
42 19
77 65
23 70
91 70
24 61
70 63
70 18
29 70
70 92
97 99
70 11
84 70
35 70
4 70
70 68
2 19
76 24
25 76
9 90
70 5
50 70
70 69
12 61
54 10
70 57
58 70
70 86
70 98
37 97
70 7
70 33
87 25
94 60
83 32
14 71
8 64
47 96
6 51
70 13
80 70
70 95
32 48
49 70
21 87
77 67
100 70
44 70
70 75
3 70
70 43
34 64
26 70
66 85
70 41
70 1
31 27
52 99
70 81
73 70
39 70
16 21
70 53
59 70
34 74
30 9
20 6
70 17
89 14
93 30
22 70
60 78
89 27
2 46
70 79
55 70
36 38
15 70
56 70
65 85
42 72
1 31
10 20
71 67
37 74
96 66
45 70
78 48
72 12
82 70
51 36
